               0.5 1.0e+00 2.0e+00 3.0e+00 5.0e+00 7.0e+00
               0.1e+02 0.2e+02 0.3e+02 0.5e+02 0.7e+02 1.0e+02
               1.5e+02 2.0e+02 3.0e+02 4.0e+02 5.0e+02 6.0e+02
               7.0e+02 8.0e+02 9.0e+02 10.0e+02 15.0e+02 20.0e+02
              30.0e+02 40.0e+02 50.0e+02 60.0e+02 70.0e+02
              80.0e+02 90.0e+02 100.0e+02 150.0e+02 200.0e+02
             250.0e+02 300.0e+02, 350.0e+02 400.0e+02 450.0e+02
             500.0e+02 550.0e+02 600.0e+02 650.0e+02 700.0e+02
             750.0e+02 800.0e+02 900.0e+02 1000.0e+02

