.9661533E-02 .1559155E-02 .3499086E-02 .3499086E-02 .3499086E-02
.4670648E-05 .1036918E-06 .1782257E-07 .1782257E-07 .1782257E-07
.1214356E-02 .1432752E-03 .7442861E-04 .7442861E-04 .7442861E-04
.1343966E-01 .2163404E-02 .4853644E-02 .4853644E-02 .4853644E-02
.1727152E-04 .3836682E-06 .6594161E-07 .6594161E-07 .6594161E-07
.2335329E-02 .2755831E-03 .1431645E-03 .1431645E-03 .1431645E-03
.1875635E-01 .3003333E-02 .6733504E-02 .6733504E-02 .6733504E-02
.6383121E-04 .1419623E-05 .2439691E-06 .2439691E-06 .2439691E-06
.4490234E-02 .5300480E-03 .2753752E-03 .2753752E-03 .2753752E-03
.2636164E-01 .4173936E-02 .9344016E-02 .9344016E-02 .9344016E-02
.2356202E-03 .5252928E-05 .9025738E-06 .9025738E-06 .9025738E-06
.8630958E-02 .1019394E-02 .5296669E-03 .5296669E-03 .5296669E-03
.3762150E-01 .5815095E-02 .1297376E-01 .1297376E-01 .1297376E-01
.8674703E-03 .1943789E-04 .3338691E-05 .3338691E-05 .3338691E-05
.1658350E-01 .1960206E-02 .1018732E-02 .1018732E-02 .1018732E-02
.5545626E-01 .8147318E-02 .1803374E-01 .1803374E-01 .1803374E-01
.3174436E-02 .7193275E-04 .1234699E-04 .1234699E-04 .1234699E-04
.3185793E-01 .3768222E-02 .1959204E-02 .1959204E-02 .1959204E-02
.8706254E-01 .1156487E-01 .2512542E-01 .2512542E-01 .2512542E-01
.1144151E-01 .2662191E-03 .4563782E-04 .4563782E-04 .4563782E-04
.6129773E-01 .7240142E-02 .3767336E-02 .3767336E-02 .3767336E-02
.1509436E+00 .1691563E-01 .3517573E-01 .3517573E-01 .3517573E-01
.3956334E-01 .9852320E-03 .1685103E-03 .1685103E-03 .1685103E-03
.1189961E+00 .1389893E-01 .7242452E-02 .7242452E-02 .7242452E-02
.2863797E+00 .2641499E-01 .4974940E-01 .4974940E-01 .4974940E-01
.1219076E+00 .3643523E-02 .6207605E-03 .6207605E-03 .6207605E-03
.2380566E+00 .2664908E-01 .1391892E-01 .1391892E-01 .1391892E-01
.5400392E+00 .4672284E-01 .7186051E-01 .7186051E-01 .7186051E-01
.2983103E+00 .1342133E-01 .2274676E-02 .2274676E-02 .2274676E-02
.4872156E+00 .5105371E-01 .2674763E-01 .2674763E-01 .2674763E-01
.1034278E+01 .9886256E-01 .1081882E+00 .1081882E+00 .1081882E+00
.6750897E+00 .4858039E-01 .8227147E-02 .8227147E-02 .8227147E-02
.6969664E+00 .9817767E-01 .5146988E-01 .5146988E-01 .5146988E-01
.1743045E+01 .2418162E+00 .1746684E+00 .1746684E+00 .1746684E+00
.1254755E+01 .1638083E+00 .2874187E-01 .2874187E-01 .2874187E-01
.8005239E+00 .1933936E+00 .9976130E-01 .9976130E-01 .9976130E-01
.2600740E+01 .5713021E+00 .3050876E+00 .3050876E+00 .3050876E+00
.1966476E+01 .4486937E+00 .9126819E-01 .9126819E-01 .9126819E-01
.8595798E+00 .4055229E+00 .1982615E+00 .1982615E+00 .1982615E+00
.3223663E+01 .1326239E+01 .5417545E+00 .5417545E+00 .5417545E+00
.2422934E+01 .1118400E+01 .2336126E+00 .2336126E+00 .2336126E+00
.8929893E+00 .6519899E+00 .4095445E+00 .4095445E+00 .4095445E+00
.2994522E+01 .2360620E+01 .9626057E+00 .9626057E+00 .9626057E+00
.2040830E+01 .2063234E+01 .5121360E+00 .5121360E+00 .5121360E+00
.8935662E+00 .7425964E+00 .6763905E+00 .6763905E+00 .6763905E+00
.2267906E+01 .3532110E+01 .1574097E+01 .1574097E+01 .1574097E+01
.1203135E+01 .3120232E+01 .9769783E+00 .9769783E+00 .9769783E+00
.8781799E+00 .7986473E+00 .7746512E+00 .7746512E+00 .7746512E+00
.2347823E+01 .3743001E+01 .2325165E+01 .2325165E+01 .2325165E+01
.1229605E+01 .3180886E+01 .1559724E+01 .1559724E+01 .1559724E+01
.9355041E+00 .8083052E+00 .8511151E+00 .8511151E+00 .8511151E+00
.2227465E+01 .2552756E+01 .2924047E+01 .2924047E+01 .2924047E+01
.1116841E+01 .1873331E+01 .1996279E+01 .1996279E+01 .1996279E+01
.9586120E+00 .7375396E+00 .8933850E+00 .8933850E+00 .8933850E+00
.2209598E+01 .2191689E+01 .2962534E+01 .2962534E+01 .2962534E+01
.1127655E+01 .1368271E+01 .1892747E+01 .1892747E+01 .1892747E+01
.9661356E+00 .7632485E+00 .9096153E+00 .9096153E+00 .9096153E+00
.2161999E+01 .2465781E+01 .2449192E+01 .2449192E+01 .2449192E+01
.1108986E+01 .1571708E+01 .1295962E+01 .1295962E+01 .1295962E+01
.9694306E+00 .8975378E+00 .9102790E+00 .9102790E+00 .9102790E+00
.9634403E-02 .1755678E-02 .3601809E-02 .3601809E-02 .3601809E-02
.4648261E-05 .1046618E-06 .1823307E-07 .1823307E-07 .1823307E-07
.1217132E-02 .1426437E-03 .7364136E-04 .7364136E-04 .7364136E-04
.1340178E-01 .2436094E-02 .4996148E-02 .4996148E-02 .4996148E-02
.1718849E-04 .3872583E-06 .6746071E-07 .6746071E-07 .6746071E-07
.2340683E-02 .2743679E-03 .1416499E-03 .1416499E-03 .1416499E-03
.1870310E-01 .3381876E-02 .6931243E-02 .6931243E-02 .6931243E-02
.6352263E-04 .1432917E-05 .2495914E-06 .2495914E-06 .2495914E-06
.4500588E-02 .5277090E-03 .2724609E-03 .2724609E-03 .2724609E-03
.2628567E-01 .4699873E-02 .9618527E-02 .9618527E-02 .9618527E-02
.2344689E-03 .5302184E-05 .9233870E-06 .9233870E-06 .9233870E-06
.8651080E-02 .1014889E-02 .5240578E-03 .5240578E-03 .5240578E-03
.3750971E-01 .6547033E-02 .1335519E-01 .1335519E-01 .1335519E-01
.8631445E-03 .1962062E-04 .3415777E-05 .3415777E-05 .3415777E-05
.1662297E-01 .1951519E-02 .1007930E-02 .1007930E-02 .1007930E-02
.5528100E-01 .9169255E-02 .1856470E-01 .1856470E-01 .1856470E-01
.3157995E-02 .7261229E-04 .1263275E-04 .1263275E-04 .1263275E-04
.3193672E-01 .3751432E-02 .1938379E-02 .1938379E-02 .1938379E-02
.8675338E-01 .1300079E-01 .2586712E-01 .2586712E-01 .2586712E-01
.1137804E-01 .2687566E-03 .4669885E-04 .4669885E-04 .4669885E-04
.6146019E-01 .7207550E-02 .3727104E-02 .3727104E-02 .3727104E-02
.1502949E+00 .1895849E-01 .3621914E-01 .3621914E-01 .3621914E-01
.3931686E-01 .9947754E-03 .1724617E-03 .1724617E-03 .1724617E-03
.1193505E+00 .1383514E-01 .7164419E-02 .7164419E-02 .7164419E-02
.2848187E+00 .2939239E-01 .5123797E-01 .5123797E-01 .5123797E-01
.1210141E+00 .3679815E-02 .6355522E-03 .6355522E-03 .6355522E-03
.2388886E+00 .2652226E-01 .1376643E-01 .1376643E-01 .1376643E-01
.5366630E+00 .5126412E-01 .7404367E-01 .7404367E-01 .7404367E-01
.2959023E+00 .1356106E-01 .2330501E-02 .2330501E-02 .2330501E-02
.4888935E+00 .5079428E-01 .2644536E-01 .2644536E-01 .2644536E-01
.1028724E+01 .1063381E+00 .1115622E+00 .1115622E+00 .1115622E+00
.6708555E+00 .4911410E-01 .8439909E-02 .8439909E-02 .8439909E-02
.6967927E+00 .9761985E-01 .5085484E-01 .5085484E-01 .5085484E-01
.1734221E+01 .2551235E+00 .1803560E+00 .1803560E+00 .1803560E+00
.1248264E+01 .1655871E+00 .2955170E-01 .2955170E-01 .2955170E-01
.7991590E+00 .1921069E+00 .9845160E-01 .9845160E-01 .9845160E-01
.2597242E+01 .5926590E+00 .3156133E+00 .3156133E+00 .3156133E+00
.1964422E+01 .4515801E+00 .9414767E-01 .9414767E-01 .9414767E-01
.8605419E+00 .4026807E+00 .1952913E+00 .1952913E+00 .1952913E+00
.3229846E+01 .1348728E+01 .5605198E+00 .5605198E+00 .5605198E+00
.2431360E+01 .1114172E+01 .2413445E+00 .2413445E+00 .2413445E+00
.8931712E+00 .6505751E+00 .4031353E+00 .4031353E+00 .4031353E+00
.3006699E+01 .2364583E+01 .9891981E+00 .9891981E+00 .9891981E+00
.2054829E+01 .2024522E+01 .5243818E+00 .5243818E+00 .5243818E+00
.8940259E+00 .7402765E+00 .6731049E+00 .6731049E+00 .6731049E+00
.2260032E+01 .3475936E+01 .1604758E+01 .1604758E+01 .1604758E+01
.1196491E+01 .3023009E+01 .9872614E+00 .9872614E+00 .9872614E+00
.8773422E+00 .7911195E+00 .7783762E+00 .7783762E+00 .7783762E+00
.2349149E+01 .3701252E+01 .2321834E+01 .2321834E+01 .2321834E+01
.1231577E+01 .3099129E+01 .1541829E+01 .1541829E+01 .1541829E+01
.9356981E+00 .8002947E+00 .8424761E+00 .8424761E+00 .8424761E+00
.2222762E+01 .2622854E+01 .2884481E+01 .2884481E+01 .2884481E+01
.1112413E+01 .1904937E+01 .1941831E+01 .1941831E+01 .1941831E+01
.9584812E+00 .7430793E+00 .8900601E+00 .8900601E+00 .8900601E+00
.2213275E+01 .2149069E+01 .2940200E+01 .2940200E+01 .2940200E+01
.1131426E+01 .1295993E+01 .1862976E+01 .1862976E+01 .1862976E+01
.9662233E+00 .7520363E+00 .9064272E+00 .9064272E+00 .9064272E+00
.2162354E+01 .2513842E+01 .2477440E+01 .2477440E+01 .2477440E+01
.1109357E+01 .1602967E+01 .1320898E+01 .1320898E+01 .1320898E+01
.9694334E+00 .8975983E+00 .9110972E+00 .9110972E+00 .9110972E+00
.9604825E-02 .1969282E-02 .3713337E-02 .3713337E-02 .3713337E-02
.4623931E-05 .1057351E-06 .1868578E-07 .1868578E-07 .1868578E-07
.1220024E-02 .1419757E-03 .7284937E-04 .7284937E-04 .7284937E-04
.1336049E-01 .2732488E-02 .5150870E-02 .5150870E-02 .5150870E-02
.1709827E-04 .3912310E-06 .6913600E-07 .6913600E-07 .6913600E-07
.2346262E-02 .2730826E-03 .1401263E-03 .1401263E-03 .1401263E-03
.1864506E-01 .3793333E-02 .7145940E-02 .7145940E-02 .7145940E-02
.6318738E-04 .1447627E-05 .2557917E-06 .2557917E-06 .2557917E-06
.4511375E-02 .5252351E-03 .2695291E-03 .2695291E-03 .2695291E-03
.2620290E-01 .5271556E-02 .9916589E-02 .9916589E-02 .9916589E-02
.2332186E-03 .5356687E-05 .9463404E-06 .9463404E-06 .9463404E-06
.8672039E-02 .1010124E-02 .5184149E-03 .5184149E-03 .5184149E-03
.3738801E-01 .7342680E-02 .1376938E-01 .1376938E-01 .1376938E-01
.8584507E-03 .1982281E-04 .3500790E-05 .3500790E-05 .3500790E-05
.1666407E-01 .1942331E-02 .9970633E-03 .9970633E-03 .9970633E-03
.5509050E-01 .1028026E-01 .1914133E-01 .1914133E-01 .1914133E-01
.3140182E-02 .7336402E-04 .1294789E-04 .1294789E-04 .1294789E-04
.3201870E-01 .3733678E-02 .1917429E-02 .1917429E-02 .1917429E-02
.8641836E-01 .1456219E-01 .2667284E-01 .2667284E-01 .2667284E-01
.1130948E-01 .2715628E-03 .4786902E-04 .4786902E-04 .4786902E-04
.6162901E-01 .7173095E-02 .3686632E-02 .3686632E-02 .3686632E-02
.1495959E+00 .2118069E-01 .3735318E-01 .3735318E-01 .3735318E-01
.3905201E-01 .1005323E-02 .1768197E-03 .1768197E-03 .1768197E-03
.1197175E+00 .1376773E-01 .7085925E-02 .7085925E-02 .7085925E-02
.2831514E+00 .3263330E-01 .5285737E-01 .5285737E-01 .5285737E-01
.1200627E+00 .3719878E-02 .6518670E-03 .6518670E-03 .6518670E-03
.2397422E+00 .2638844E-01 .1361306E-01 .1361306E-01 .1361306E-01
.5330816E+00 .5621228E-01 .7642298E-01 .7642298E-01 .7642298E-01
.2933617E+00 .1371494E-01 .2392080E-02 .2392080E-02 .2392080E-02
.4905750E+00 .5052128E-01 .2614146E-01 .2614146E-01 .2614146E-01
.1022736E+01 .1144903E+00 .1152509E+00 .1152509E+00 .1152509E+00
.6663016E+00 .4969857E-01 .8674626E-02 .8674626E-02 .8674626E-02
.6966287E+00 .9703656E-01 .5023710E-01 .5023710E-01 .5023710E-01
.1724878E+01 .2696036E+00 .1866045E+00 .1866045E+00 .1866045E+00
.1241305E+01 .1675049E+00 .3044495E-01 .3044495E-01 .3044495E-01
.7978306E+00 .1907803E+00 .9713937E-01 .9713937E-01 .9713937E-01
.2592247E+01 .6156339E+00 .3272427E+00 .3272427E+00 .3272427E+00
.1961302E+01 .4544780E+00 .9731720E-01 .9731720E-01 .9731720E-01
.8611163E+00 .3998188E+00 .1923321E+00 .1923321E+00 .1923321E+00
.3235350E+01 .1371660E+01 .5813398E+00 .5813398E+00 .5813398E+00
.2439085E+01 .1107946E+01 .2497768E+00 .2497768E+00 .2497768E+00
.8933932E+00 .6487426E+00 .3967836E+00 .3967836E+00 .3967836E+00
.3020332E+01 .2362118E+01 .1018698E+01 .1018698E+01 .1018698E+01
.2070082E+01 .1982402E+01 .5373970E+00 .5373970E+00 .5373970E+00
.8950994E+00 .7357795E+00 .6691324E+00 .6691324E+00 .6691324E+00
.2253108E+01 .3422731E+01 .1633856E+01 .1633856E+01 .1633856E+01
.1190742E+01 .2931595E+01 .9950443E+00 .9950443E+00 .9950443E+00
.8770469E+00 .7841671E+00 .7786720E+00 .7786720E+00 .7786720E+00
.2347510E+01 .3668241E+01 .2315739E+01 .2315739E+01 .2315739E+01
.1230956E+01 .3031013E+01 .1520286E+01 .1520286E+01 .1520286E+01
.9353092E+00 .7958035E+00 .8356526E+00 .8356526E+00 .8356526E+00
.2220277E+01 .2685152E+01 .2845025E+01 .2845025E+01 .2845025E+01
.1110383E+01 .1937503E+01 .1890046E+01 .1890046E+01 .1890046E+01
.9582175E+00 .7470631E+00 .8861966E+00 .8861966E+00 .8861966E+00
.2219114E+01 .2120384E+01 .2923970E+01 .2923970E+01 .2923970E+01
.1137343E+01 .1247999E+01 .1841031E+01 .1841031E+01 .1841031E+01
.9664390E+00 .7416195E+00 .9037647E+00 .9037647E+00 .9037647E+00
.2164251E+01 .2545442E+01 .2500122E+01 .2500122E+01 .2500122E+01
.1111273E+01 .1620115E+01 .1341466E+01 .1341466E+01 .1341466E+01
.9694816E+00 .9003452E+00 .9112366E+00 .9112366E+00 .9112366E+00
.9560650E-02 .2287038E-02 .3879008E-02 .3879008E-02 .3879008E-02
.4587744E-05 .1073686E-06 .1937186E-07 .1937186E-07 .1937186E-07
.1224149E-02 .1410089E-03 .7176987E-04 .7176987E-04 .7176987E-04
.1329883E-01 .3173404E-02 .5380705E-02 .5380705E-02 .5380705E-02
.1696409E-04 .3972776E-06 .7167485E-07 .7167485E-07 .7167485E-07
.2354216E-02 .2712221E-03 .1380495E-03 .1380495E-03 .1380495E-03
.1855841E-01 .4405423E-02 .7464871E-02 .7464871E-02 .7464871E-02
.6268890E-04 .1470015E-05 .2651881E-06 .2651881E-06 .2651881E-06
.4526757E-02 .5216541E-03 .2655330E-03 .2655330E-03 .2655330E-03
.2607938E-01 .6122024E-02 .1035938E-01 .1035938E-01 .1035938E-01
.2313602E-03 .5439636E-05 .9811257E-06 .9811257E-06 .9811257E-06
.8701921E-02 .1003228E-02 .5107236E-03 .5107236E-03 .5107236E-03
.3720653E-01 .8526389E-02 .1438472E-01 .1438472E-01 .1438472E-01
.8514800E-03 .2013051E-04 .3629626E-05 .3629626E-05 .3629626E-05
.1672264E-01 .1929033E-02 .9822516E-03 .9822516E-03 .9822516E-03
.5480686E-01 .1193331E-01 .1999810E-01 .1999810E-01 .1999810E-01
.3113770E-02 .7450790E-04 .1342550E-04 .1342550E-04 .1342550E-04
.3213549E-01 .3707981E-02 .1888874E-02 .1888874E-02 .1888874E-02
.8592106E-01 .1688578E-01 .2787030E-01 .2787030E-01 .2787030E-01
.1120811E-01 .2758319E-03 .4964250E-04 .4964250E-04 .4964250E-04
.6186915E-01 .7123237E-02 .3631471E-02 .3631471E-02 .3631471E-02
.1485641E+00 .2448879E-01 .3903942E-01 .3903942E-01 .3903942E-01
.3866255E-01 .1021362E-02 .1834250E-03 .1834250E-03 .1834250E-03
.1202379E+00 .1367025E-01 .6978952E-02 .6978952E-02 .6978952E-02
.2807123E+00 .3746073E-01 .5526754E-01 .5526754E-01 .5526754E-01
.1186763E+00 .3780742E-02 .6765975E-03 .6765975E-03 .6765975E-03
.2409415E+00 .2619508E-01 .1340408E-01 .1340408E-01 .1340408E-01
.5278743E+00 .6358893E-01 .7997028E-01 .7997028E-01 .7997028E-01
.2896905E+00 .1394825E-01 .2485441E-02 .2485441E-02 .2485441E-02
.4928805E+00 .5012779E-01 .2572758E-01 .2572758E-01 .2572758E-01
.1013880E+01 .1266492E+00 .1207672E+00 .1207672E+00 .1207672E+00
.6595894E+00 .5058080E-01 .9030564E-02 .9030564E-02 .9030564E-02
.6964160E+00 .9620060E-01 .4939683E-01 .4939683E-01 .4939683E-01
.1711229E+01 .2911284E+00 .1959924E+00 .1959924E+00 .1959924E+00
.1231050E+01 .1703630E+00 .3179949E-01 .3179949E-01 .3179949E-01
.7960659E+00 .1889034E+00 .9535997E-01 .9535997E-01 .9535997E-01
.2583392E+01 .6492994E+00 .3447975E+00 .3447975E+00 .3447975E+00
.1955564E+01 .4585822E+00 .1021125E+00 .1021125E+00 .1021125E+00
.8615061E+00 .3958523E+00 .1883481E+00 .1883481E+00 .1883481E+00
.3242448E+01 .1403432E+01 .6127727E+00 .6127727E+00 .6127727E+00
.2449239E+01 .1097181E+01 .2623869E+00 .2623869E+00 .2623869E+00
.8939736E+00 .6457602E+00 .3883058E+00 .3883058E+00 .3883058E+00
.3041718E+01 .2354135E+01 .1062690E+01 .1062690E+01 .1062690E+01
.2093976E+01 .1924078E+01 .5562207E+00 .5562207E+00 .5562207E+00
.8968430E+00 .7284423E+00 .6629073E+00 .6629073E+00 .6629073E+00
.2245143E+01 .3350909E+01 .1670497E+01 .1670497E+01 .1670497E+01
.1184676E+01 .2809106E+01 .1002486E+01 .1002486E+01 .1002486E+01
.8770720E+00 .7750704E+00 .7755667E+00 .7755667E+00 .7755667E+00
.2341401E+01 .3621320E+01 .2305956E+01 .2305956E+01 .2305956E+01
.1226009E+01 .2936292E+01 .1487470E+01 .1487470E+01 .1487470E+01
.9352854E+00 .7910076E+00 .8290473E+00 .8290473E+00 .8290473E+00
.2220546E+01 .2761320E+01 .2792459E+01 .2792459E+01 .2792459E+01
.1111107E+01 .1983217E+01 .1821888E+01 .1821888E+01 .1821888E+01
.9585038E+00 .7489928E+00 .8808169E+00 .8808169E+00 .8808169E+00
.2229183E+01 .2095708E+01 .2904248E+01 .2904248E+01 .2904248E+01
.1147620E+01 .1201665E+01 .1813206E+01 .1813206E+01 .1813206E+01
.9666787E+00 .7282888E+00 .9013581E+00 .9013581E+00 .9013581E+00
.2168621E+01 .2569367E+01 .2527229E+01 .2527229E+01 .2527229E+01
.1115667E+01 .1630011E+01 .1364613E+01 .1364613E+01 .1364613E+01
.9696107E+00 .9002283E+00 .9132649E+00 .9132649E+00 .9132649E+00
.9498897E-02 .2728693E-02 .4108806E-02 .4108806E-02 .4108806E-02
.4537454E-05 .1097130E-06 .2035064E-07 .2035064E-07 .2035064E-07
.1229592E-02 .1397121E-03 .7043669E-04 .7043669E-04 .7043669E-04
.1321264E-01 .3786247E-02 .5699507E-02 .5699507E-02 .5699507E-02
.1677764E-04 .4059551E-06 .7529689E-07 .7529689E-07 .7529689E-07
.2364715E-02 .2687269E-03 .1354846E-03 .1354846E-03 .1354846E-03
.1843732E-01 .5256200E-02 .7907267E-02 .7907267E-02 .7907267E-02
.6199644E-04 .1502144E-05 .2785935E-06 .2785935E-06 .2785935E-06
.4547054E-02 .5168513E-03 .2605979E-03 .2605979E-03 .2605979E-03
.2590685E-01 .7304172E-02 .1097360E-01 .1097360E-01 .1097360E-01
.2287801E-03 .5558673E-05 .1030753E-05 .1030753E-05 .1030753E-05
.8741349E-02 .9939778E-03 .5012250E-03 .5012250E-03 .5012250E-03
.3695328E-01 .1017184E-01 .1523838E-01 .1523838E-01 .1523838E-01
.8418111E-03 .2057204E-04 .3813435E-05 .3813435E-05 .3813435E-05
.1679992E-01 .1911199E-02 .9639594E-03 .9639594E-03 .9639594E-03
.5441181E-01 .1423142E-01 .2118688E-01 .2118688E-01 .2118688E-01
.3077203E-02 .7614913E-04 .1410691E-04 .1410691E-04 .1410691E-04
.3228946E-01 .3673523E-02 .1853611E-02 .1853611E-02 .1853611E-02
.8523101E-01 .2011678E-01 .2953227E-01 .2953227E-01 .2953227E-01
.1106826E-01 .2819558E-03 .5217290E-04 .5217290E-04 .5217290E-04
.6218524E-01 .7056392E-02 .3563352E-02 .3563352E-02 .3563352E-02
.1471422E+00 .2909047E-01 .4138108E-01 .4138108E-01 .4138108E-01
.3812868E-01 .1044359E-02 .1928503E-03 .1928503E-03 .1928503E-03
.1209200E+00 .1353960E-01 .6846864E-02 .6846864E-02 .6846864E-02
.2773865E+00 .4418011E-01 .5861816E-01 .5861816E-01 .5861816E-01
.1167963E+00 .3867936E-02 .7118922E-03 .7118922E-03 .7118922E-03
.2424966E+00 .2593624E-01 .1314610E-01 .1314610E-01 .1314610E-01
.5208213E+00 .7386541E-01 .8491177E-01 .8491177E-01 .8491177E-01
.2847583E+00 .1428187E-01 .2618719E-02 .2618719E-02 .2618719E-02
.4957803E+00 .4960250E-01 .2521701E-01 .2521701E-01 .2521701E-01
.1001638E+01 .1435908E+00 .1284790E+00 .1284790E+00 .1284790E+00
.6503526E+00 .5183679E-01 .9538875E-02 .9538875E-02 .9538875E-02
.6961765E+00 .9509200E-01 .4836206E-01 .4836206E-01 .4836206E-01
.1692561E+01 .3209660E+00 .2091867E+00 .2091867E+00 .2091867E+00
.1216915E+01 .1743814E+00 .3373388E-01 .3373388E-01 .3373388E-01
.7939673E+00 .1864523E+00 .9317854E-01 .9317854E-01 .9317854E-01
.2569159E+01 .6950787E+00 .3695820E+00 .3695820E+00 .3695820E+00
.1946029E+01 .4641408E+00 .1089377E+00 .1089377E+00 .1089377E+00
.8615175E+00 .3908087E+00 .1835171E+00 .1835171E+00 .1835171E+00
.3250778E+01 .1443974E+01 .6569708E+00 .6569708E+00 .6569708E+00
.2461604E+01 .1080903E+01 .2800354E+00 .2800354E+00 .2800354E+00
.8951420E+00 .6416318E+00 .3782074E+00 .3782074E+00 .3782074E+00
.3072918E+01 .2341960E+01 .1123059E+01 .1123059E+01 .1123059E+01
.2129269E+01 .1850959E+01 .5813721E+00 .5813721E+00 .5813721E+00
.8988575E+00 .7198216E+00 .6544387E+00 .6544387E+00 .6544387E+00
.2239147E+01 .3261405E+01 .1712630E+01 .1712630E+01 .1712630E+01
.1181888E+01 .2658659E+01 .1007826E+01 .1007826E+01 .1007826E+01
.8768963E+00 .7639659E+00 .7692083E+00 .7692083E+00 .7692083E+00
.2326496E+01 .3556785E+01 .2291136E+01 .2291136E+01 .2291136E+01
.1212882E+01 .2816149E+01 .1441820E+01 .1441820E+01 .1441820E+01
.9350146E+00 .7845433E+00 .8226149E+00 .8226149E+00 .8226149E+00
.2227928E+01 .2843456E+01 .2726824E+01 .2726824E+01 .2726824E+01
.1119577E+01 .2030731E+01 .1738453E+01 .1738453E+01 .1738453E+01
.9585080E+00 .7515145E+00 .8725786E+00 .8725786E+00 .8725786E+00
.2243310E+01 .2080731E+01 .2879981E+01 .2879981E+01 .2879981E+01
.1162008E+01 .1156038E+01 .1777805E+01 .1777805E+01 .1777805E+01
.9671381E+00 .7212852E+00 .8999915E+00 .8999915E+00 .8999915E+00
.2175604E+01 .2578884E+01 .2557951E+01 .2557951E+01 .2557951E+01
.1122689E+01 .1623537E+01 .1390065E+01 .1390065E+01 .1390065E+01
.9698190E+00 .8976983E+00 .9167039E+00 .9167039E+00 .9167039E+00
.9416536E-02 .3313145E-02 .4412063E-02 .4412063E-02 .4412063E-02
.4470919E-05 .1129485E-06 .2169123E-07 .2169123E-07 .2169123E-07
.1236356E-02 .1380777E-03 .6892954E-04 .6892954E-04 .6892954E-04
.1309771E-01 .4597243E-02 .6120224E-02 .6120224E-02 .6120224E-02
.1653101E-04 .4179309E-06 .8025785E-07 .8025785E-07 .8025785E-07
.2377760E-02 .2655821E-03 .1325851E-03 .1325851E-03 .1325851E-03
.1827589E-01 .6382083E-02 .8491103E-02 .8491103E-02 .8491103E-02
.6108072E-04 .1546485E-05 .2969544E-06 .2969544E-06 .2969544E-06
.4572274E-02 .5107983E-03 .2550187E-03 .2550187E-03 .2550187E-03
.2567695E-01 .8868629E-02 .1178423E-01 .1178423E-01 .1178423E-01
.2253701E-03 .5722947E-05 .1098726E-05 .1098726E-05 .1098726E-05
.8790334E-02 .9823205E-03 .4904867E-03 .4904867E-03 .4904867E-03
.3661621E-01 .1234957E-01 .1636510E-01 .1636510E-01 .1636510E-01
.8290468E-03 .2118134E-04 .4065200E-05 .4065200E-05 .4065200E-05
.1689589E-01 .1888724E-02 .9432801E-03 .9432801E-03 .9432801E-03
.5388717E-01 .1727330E-01 .2275620E-01 .2275620E-01 .2275620E-01
.3029034E-02 .7841374E-04 .1504028E-04 .1504028E-04 .1504028E-04
.3248055E-01 .3630101E-02 .1813746E-02 .1813746E-02 .1813746E-02
.8431869E-01 .2439444E-01 .3172699E-01 .3172699E-01 .3172699E-01
.1088479E-01 .2904041E-03 .5563917E-04 .5563917E-04 .5563917E-04
.6257690E-01 .6972175E-02 .3486348E-02 .3486348E-02 .3486348E-02
.1452775E+00 .3518528E-01 .4447535E-01 .4447535E-01 .4447535E-01
.3743358E-01 .1076073E-02 .2057633E-03 .2057633E-03 .2057633E-03
.1217612E+00 .1337510E-01 .6697562E-02 .6697562E-02 .6697562E-02
.2730782E+00 .5308569E-01 .6305119E-01 .6305119E-01 .6305119E-01
.1143783E+00 .3988082E-02 .7602575E-03 .7602575E-03 .7602575E-03
.2443892E+00 .2561073E-01 .1285459E-01 .1285459E-01 .1285459E-01
.5117483E+00 .8749675E-01 .9146482E-01 .9146482E-01 .9146482E-01
.2784779E+00 .1474078E-01 .2801419E-02 .2801419E-02 .2801419E-02
.4991809E+00 .4894404E-01 .2464056E-01 .2464056E-01 .2464056E-01
.9855233E+00 .1660573E+00 .1387476E+00 .1387476E+00 .1387476E+00
.6382610E+00 .5355714E-01 .1023600E-01 .1023600E-01 .1023600E-01
.6959593E+00 .9371360E-01 .4719651E-01 .4719651E-01 .4719651E-01
.1668195E+01 .3602491E+00 .2268578E+00 .2268578E+00 .2268578E+00
.1198347E+01 .1798210E+00 .3638643E-01 .3638643E-01 .3638643E-01
.7917401E+00 .1834644E+00 .9073714E-01 .9073714E-01 .9073714E-01
.2547962E+01 .7539616E+00 .4029021E+00 .4029021E+00 .4029021E+00
.1931373E+01 .4715399E+00 .1182511E+00 .1182511E+00 .1182511E+00
.8609818E+00 .3849010E+00 .1782013E+00 .1782013E+00 .1782013E+00
.3259183E+01 .1492838E+01 .7158364E+00 .7158364E+00 .7158364E+00
.2475425E+01 .1058852E+01 .3035598E+00 .3035598E+00 .3035598E+00
.8969088E+00 .6368954E+00 .3674860E+00 .3674860E+00 .3674860E+00
.3114749E+01 .2328735E+01 .1200643E+01 .1200643E+01 .1200643E+01
.2177294E+01 .1764254E+01 .6129860E+00 .6129860E+00 .6129860E+00
.9007501E+00 .7126435E+00 .6446527E+00 .6446527E+00 .6446527E+00
.2238724E+01 .3159035E+01 .1759723E+01 .1759723E+01 .1759723E+01
.1186049E+01 .2487615E+01 .1010142E+01 .1010142E+01 .1010142E+01
.8769985E+00 .7518532E+00 .7618480E+00 .7618480E+00 .7618480E+00
.2297731E+01 .3472017E+01 .2270919E+01 .2270919E+01 .2270919E+01
.1187398E+01 .2673830E+01 .1384459E+01 .1384459E+01 .1384459E+01
.9328713E+00 .7756115E+00 .8156020E+00 .8156020E+00 .8156020E+00
.2248064E+01 .2929115E+01 .2651747E+01 .2651747E+01 .2651747E+01
.1140895E+01 .2069308E+01 .1644587E+01 .1644587E+01 .1644587E+01
.9596304E+00 .7594421E+00 .8611251E+00 .8611251E+00 .8611251E+00
.2258205E+01 .2092142E+01 .2847560E+01 .2847560E+01 .2847560E+01
.1177316E+01 .1128910E+01 .1730955E+01 .1730955E+01 .1730955E+01
.9676147E+00 .7269290E+00 .9000501E+00 .9000501E+00 .9000501E+00
.2182696E+01 .2553207E+01 .2589572E+01 .2589572E+01 .2589572E+01
.1129855E+01 .1573290E+01 .1417371E+01 .1417371E+01 .1417371E+01
.9700263E+00 .9003076E+00 .9183521E+00 .9183521E+00 .9183521E+00
.9310465E-02 .4058132E-02 .4797230E-02 .4797230E-02 .4797230E-02
.4386129E-05 .1172949E-06 .2347561E-07 .2347561E-07 .2347561E-07
.1244341E-02 .1361338E-03 .6737276E-04 .6737276E-04 .6737276E-04
.1294972E-01 .5631011E-02 .6654585E-02 .6654585E-02 .6654585E-02
.1621677E-04 .4340180E-06 .8686111E-07 .8686111E-07 .8686111E-07
.2393160E-02 .2618417E-03 .1295900E-03 .1295900E-03 .1295900E-03
.1806809E-01 .7817261E-02 .9232662E-02 .9232662E-02 .9232662E-02
.5991441E-04 .1606048E-05 .3213938E-06 .3213938E-06 .3213938E-06
.4602047E-02 .5035989E-03 .2492558E-03 .2492558E-03 .2492558E-03
.2538121E-01 .1086293E-01 .1281392E-01 .1281392E-01 .1281392E-01
.2210299E-03 .5943611E-05 .1189203E-05 .1189203E-05 .1189203E-05
.8848154E-02 .9684555E-03 .4793948E-03 .4793948E-03 .4793948E-03
.3618314E-01 .1512583E-01 .1779643E-01 .1779643E-01 .1779643E-01
.8128220E-03 .2199975E-04 .4400325E-05 .4400325E-05 .4400325E-05
.1700915E-01 .1861994E-02 .9219196E-03 .9219196E-03 .9219196E-03
.5321487E-01 .2115174E-01 .2475015E-01 .2475015E-01 .2475015E-01
.2967957E-02 .8145533E-04 .1628276E-04 .1628276E-04 .1628276E-04
.3270591E-01 .3578463E-02 .1772567E-02 .1772567E-02 .1772567E-02
.8315555E-01 .2984980E-01 .3451660E-01 .3451660E-01 .3451660E-01
.1065325E-01 .3017490E-03 .6025374E-04 .6025374E-04 .6025374E-04
.6303794E-01 .6872047E-02 .3406806E-02 .3406806E-02 .3406806E-02
.1429222E+00 .4296143E-01 .4841121E-01 .4841121E-01 .4841121E-01
.3656381E-01 .1118646E-02 .2229565E-03 .2229565E-03 .2229565E-03
.1227462E+00 .1317962E-01 .6543347E-02 .6543347E-02 .6543347E-02
.2677114E+00 .6445584E-01 .6869779E-01 .6869779E-01 .6869779E-01
.1113944E+00 .4149250E-02 .8246715E-03 .8246715E-03 .8246715E-03
.2465701E+00 .2522458E-01 .1255357E-01 .1255357E-01 .1255357E-01
.5005272E+00 .1049139E+00 .9983367E-01 .9983367E-01 .9983367E-01
.2708067E+00 .1535537E-01 .3044844E-02 .3044844E-02 .3044844E-02
.5029266E+00 .4816615E-01 .2404586E-01 .2404586E-01 .2404586E-01
.9650965E+00 .1947412E+00 .1519209E+00 .1519209E+00 .1519209E+00
.6230333E+00 .5585164E-01 .1116525E-01 .1116525E-01 .1116525E-01
.6958501E+00 .9210263E-01 .4599771E-01 .4599771E-01 .4599771E-01
.1637491E+01 .4099300E+00 .2496688E+00 .2496688E+00 .2496688E+00
.1174830E+01 .1869953E+00 .3992042E-01 .3992042E-01 .3992042E-01
.7896818E+00 .1800684E+00 .8824936E-01 .8824936E-01 .8824936E-01
.2518266E+01 .8265239E+00 .4460234E+00 .4460234E+00 .4460234E+00
.1910237E+01 .4813370E+00 .1305701E+00 .1305701E+00 .1305701E+00
.8597803E+00 .3786147E+00 .1729301E+00 .1729301E+00 .1729301E+00
.3265247E+01 .1549441E+01 .7908701E+00 .7908701E+00 .7908701E+00
.2489004E+01 .1031774E+01 .3337179E+00 .3337179E+00 .3337179E+00
.8989796E+00 .6325974E+00 .3575889E+00 .3575889E+00 .3575889E+00
.3166732E+01 .2317544E+01 .1295152E+01 .1295152E+01 .1295152E+01
.2237538E+01 .1665398E+01 .6508322E+00 .6508322E+00 .6508322E+00
.9026088E+00 .7094198E+00 .6353134E+00 .6353134E+00 .6353134E+00
.2248299E+01 .3048928E+01 .1813311E+01 .1813311E+01 .1813311E+01
.1201300E+01 .2299546E+01 .1010341E+01 .1010341E+01 .1010341E+01
.8792607E+00 .7413708E+00 .7559978E+00 .7559978E+00 .7559978E+00
.2250312E+01 .3366550E+01 .2246854E+01 .2246854E+01 .2246854E+01
.1143847E+01 .2509219E+01 .1316976E+01 .1316976E+01 .1316976E+01
.9305275E+00 .7647182E+00 .8092025E+00 .8092025E+00 .8092025E+00
.2287267E+01 .3009958E+01 .2571102E+01 .2571102E+01 .2571102E+01
.1182256E+01 .2090468E+01 .1542082E+01 .1542082E+01 .1542082E+01
.9608400E+00 .7735926E+00 .8482032E+00 .8482032E+00 .8482032E+00
.2265636E+01 .2143066E+01 .2802453E+01 .2802453E+01 .2802453E+01
.1185553E+01 .1142613E+01 .1670343E+01 .1670343E+01 .1670343E+01
.9676468E+00 .7400597E+00 .8997559E+00 .8997559E+00 .8997559E+00
.2183078E+01 .2487124E+01 .2619515E+01 .2619515E+01 .2619515E+01
.1130379E+01 .1483678E+01 .1444701E+01 .1444701E+01 .1444701E+01
.9700314E+00 .8984149E+00 .9165479E+00 .9165479E+00 .9165479E+00
.9177495E-02 .4979887E-02 .5271639E-02 .5271639E-02 .5271639E-02
.4281258E-05 .1230216E-06 .2580195E-07 .2580195E-07 .2580195E-07
.1253328E-02 .1339593E-03 .6592788E-04 .6592788E-04 .6592788E-04
.1276423E-01 .6910082E-02 .7312766E-02 .7312766E-02 .7312766E-02
.1582818E-04 .4552146E-06 .9547000E-07 .9547000E-07 .9547000E-07
.2410493E-02 .2576575E-03 .1268103E-03 .1268103E-03 .1268103E-03
.1780772E-01 .9593028E-02 .1014608E-01 .1014608E-01 .1014608E-01
.5847274E-04 .1684528E-05 .3532565E-06 .3532565E-06 .3532565E-06
.4635554E-02 .4955453E-03 .2439070E-03 .2439070E-03 .2439070E-03
.2501092E-01 .1333061E-01 .1408230E-01 .1408230E-01 .1408230E-01
.2156691E-03 .6234351E-05 .1307164E-05 .1307164E-05 .1307164E-05
.8913223E-02 .9529459E-03 .4690996E-03 .4690996E-03 .4690996E-03
.3564170E-01 .1856134E-01 .1955976E-01 .1955976E-01 .1955976E-01
.7928114E-03 .2307802E-04 .4837260E-05 .4837260E-05 .4837260E-05
.1713657E-01 .1832094E-02 .9020923E-03 .9020923E-03 .9020923E-03
.5237680E-01 .2595180E-01 .2720713E-01 .2720713E-01 .2720713E-01
.2892841E-02 .8546238E-04 .1790277E-04 .1790277E-04 .1790277E-04
.3295931E-01 .3520708E-02 .1734341E-02 .1734341E-02 .1734341E-02
.8171409E-01 .3660325E-01 .3795542E-01 .3795542E-01 .3795542E-01
.1036998E-01 .3166927E-03 .6627106E-04 .6627106E-04 .6627106E-04
.6355530E-01 .6760092E-02 .3332958E-02 .3332958E-02 .3332958E-02
.1400340E+00 .5259227E-01 .5326696E-01 .5326696E-01 .5326696E-01
.3550980E-01 .1174706E-02 .2453799E-03 .2453799E-03 .2453799E-03
.1238447E+00 .1296124E-01 .6400152E-02 .6400152E-02 .6400152E-02
.2612307E+00 .7854787E-01 .7567495E-01 .7567495E-01 .7567495E-01
.1078328E+00 .4361331E-02 .9087030E-03 .9087030E-03 .9087030E-03
.2489554E+00 .2479409E-01 .1227407E-01 .1227407E-01 .1227407E-01
.4870769E+00 .1265155E+00 .1102046E+00 .1102046E+00 .1102046E+00
.2617454E+00 .1616281E-01 .3362533E-02 .3362533E-02 .3362533E-02
.5068024E+00 .4730389E-01 .2349414E-01 .2349414E-01 .2349414E-01
.9399904E+00 .2302676E+00 .1683269E+00 .1683269E+00 .1683269E+00
.6044541E+00 .5885308E-01 .1237842E-01 .1237842E-01 .1237842E-01
.6959723E+00 .9034414E-01 .4489001E-01 .4489001E-01 .4489001E-01
.1599843E+01 .4707437E+00 .2782611E+00 .2782611E+00 .2782611E+00
.1145891E+01 .1962743E+00 .4452865E-01 .4452865E-01 .4452865E-01
.7881432E+00 .1765158E+00 .8598320E-01 .8598320E-01 .8598320E-01
.2478688E+01 .9130068E+00 .5001186E+00 .5001186E+00 .5001186E+00
.1881352E+01 .4942411E+00 .1464680E+00 .1464680E+00 .1464680E+00
.8579003E+00 .3727629E+00 .1683529E+00 .1683529E+00 .1683529E+00
.3265126E+01 .1613245E+01 .8830797E+00 .8830797E+00 .8830797E+00
.2499320E+01 .1001748E+01 .3711151E+00 .3711151E+00 .3711151E+00
.9008482E+00 .6298783E+00 .3502388E+00 .3502388E+00 .3502388E+00
.3228563E+01 .2310257E+01 .1405123E+01 .1405123E+01 .1405123E+01
.2309368E+01 .1557393E+01 .6944435E+00 .6944435E+00 .6944435E+00
.9052857E+00 .7114905E+00 .6282353E+00 .6282353E+00 .6282353E+00
.2275978E+01 .2932532E+01 .1876401E+01 .1876401E+01 .1876401E+01
.1236499E+01 .2092509E+01 .1011575E+01 .1011575E+01 .1011575E+01
.8845678E+00 .7363193E+00 .7528063E+00 .7528063E+00 .7528063E+00
.2179226E+01 .3244306E+01 .2222594E+01 .2222594E+01 .2222594E+01
.1077678E+01 .2322070E+01 .1241998E+01 .1241998E+01 .1241998E+01
.9278774E+00 .7551866E+00 .8063348E+00 .8063348E+00 .8063348E+00
.2348746E+01 .3064631E+01 .2487714E+01 .2487714E+01 .2487714E+01
.1246460E+01 .2079352E+01 .1430410E+01 .1430410E+01 .1430410E+01
.9630736E+00 .7898886E+00 .8375748E+00 .8375748E+00 .8375748E+00
.2252251E+01 .2229408E+01 .2742457E+01 .2742457E+01 .2742457E+01
.1173016E+01 .1195695E+01 .1596324E+01 .1596324E+01 .1596324E+01
.9676403E+00 .7517451E+00 .8964600E+00 .8964600E+00 .8964600E+00
.2167297E+01 .2379002E+01 .2645229E+01 .2645229E+01 .2645229E+01
.1114860E+01 .1355621E+01 .1465655E+01 .1465655E+01 .1465655E+01
.9695480E+00 .8838800E+00 .9155168E+00 .9155168E+00 .9155168E+00
.9014318E-02 .6092742E-02 .5841242E-02 .5841242E-02 .5841242E-02
.4154704E-05 .1304591E-06 .2878795E-07 .2878795E-07 .2878795E-07
.1262951E-02 .1316985E-03 .6478029E-04 .6478029E-04 .6478029E-04
.1253664E-01 .8454349E-02 .8103029E-02 .8103029E-02 .8103029E-02
.1535936E-04 .4827427E-06 .1065201E-06 .1065201E-06 .1065201E-06
.2429052E-02 .2533074E-03 .1246024E-03 .1246024E-03 .1246024E-03
.1748839E-01 .1173702E-01 .1124283E-01 .1124283E-01 .1124283E-01
.5673419E-04 .1786449E-05 .3941546E-06 .3941546E-06 .3941546E-06
.4671434E-02 .4871725E-03 .2396584E-03 .2396584E-03 .2396584E-03
.2455714E-01 .1631012E-01 .1560536E-01 .1560536E-01 .1560536E-01
.2092099E-03 .6611928E-05 .1458577E-05 .1458577E-05 .1458577E-05
.8982898E-02 .9368216E-03 .4609213E-03 .4609213E-03 .4609213E-03
.3497925E-01 .2270975E-01 .2167740E-01 .2167740E-01 .2167740E-01
.7687400E-03 .2447830E-04 .5398121E-05 .5398121E-05 .5398121E-05
.1727301E-01 .1801010E-02 .8863391E-03 .8863391E-03 .8863391E-03
.5135484E-01 .3174879E-01 .3015850E-01 .3015850E-01 .3015850E-01
.2802761E-02 .9066566E-04 .1998237E-04 .1998237E-04 .1998237E-04
.3323048E-01 .3460675E-02 .1703960E-02 .1703960E-02 .1703960E-02
.7996781E-01 .4476160E-01 .4208807E-01 .4208807E-01 .4208807E-01
.1003225E-01 .3360947E-03 .7399615E-04 .7399615E-04 .7399615E-04
.6410778E-01 .6643765E-02 .3274236E-02 .3274236E-02 .3274236E-02
.1365760E+00 .6423219E-01 .5910761E-01 .5910761E-01 .5910761E-01
.3426623E-01 .1247467E-02 .2741718E-03 .2741718E-03 .2741718E-03
.1250091E+00 .1273457E-01 .6286203E-02 .6286203E-02 .6286203E-02
.2536008E+00 .9559209E-01 .8408178E-01 .8408178E-01 .8408178E-01
.1036990E+00 .4636393E-02 .1016628E-02 .1016628E-02 .1016628E-02
.2514226E+00 .2434861E-01 .1205147E-01 .1205147E-01 .1205147E-01
.4713630E+00 .1526584E+00 .1227409E+00 .1227409E+00 .1227409E+00
.2513370E+00 .1720814E-01 .3770691E-02 .3770691E-02 .3770691E-02
.5105367E+00 .4641907E-01 .2305489E-01 .2305489E-01 .2305489E-01
.9099397E+00 .2731766E+00 .1882654E+00 .1882654E+00 .1882654E+00
.5823958E+00 .6271976E-01 .1393717E-01 .1393717E-01 .1393717E-01
.6964782E+00 .8858167E-01 .4401301E-01 .4401301E-01 .4401301E-01
.1554699E+01 .5431847E+00 .3132388E+00 .3132388E+00 .3132388E+00
.1111121E+01 .2080780E+00 .5043621E-01 .5043621E-01 .5043621E-01
.7874700E+00 .1731997E+00 .8423456E-01 .8423456E-01 .8423456E-01
.2428041E+01 .1013399E+01 .5662124E+00 .5662124E+00 .5662124E+00
.1843622E+01 .5110392E+00 .1665564E+00 .1665564E+00 .1665564E+00
.8555211E+00 .3684408E+00 .1651681E+00 .1651681E+00 .1651681E+00
.3253859E+01 .1684056E+01 .9929745E+00 .9929745E+00 .9929745E+00
.2502018E+01 .9723966E+00 .4161365E+00 .4161365E+00 .4161365E+00
.9019405E+00 .6293702E+00 .3471421E+00 .3471421E+00 .3471421E+00
.3299742E+01 .2307514E+01 .1527891E+01 .1527891E+01 .1527891E+01
.2392257E+01 .1445700E+01 .7433681E+00 .7433681E+00 .7433681E+00
.9097732E+00 .7188406E+00 .6242481E+00 .6242481E+00 .6242481E+00
.2331766E+01 .2808937E+01 .1951547E+01 .1951547E+01 .1951547E+01
.1303158E+01 .1866946E+01 .1017695E+01 .1017695E+01 .1017695E+01
.8914006E+00 .7401498E+00 .7521468E+00 .7521468E+00 .7521468E+00
.2085284E+01 .3111786E+01 .2203295E+01 .2203295E+01 .2203295E+01
.9918188E+00 .2114461E+01 .1165383E+01 .1165383E+01 .1165383E+01
.9206128E+00 .7526576E+00 .8092998E+00 .8092998E+00 .8092998E+00
.2428149E+01 .3070574E+01 .2404704E+01 .2404704E+01 .2404704E+01
.1329950E+01 .2022196E+01 .1310972E+01 .1310972E+01 .1310972E+01
.9655566E+00 .8036185E+00 .8340728E+00 .8340728E+00 .8340728E+00
.2204783E+01 .2355094E+01 .2668712E+01 .2668712E+01 .2668712E+01
.1127292E+01 .1280549E+01 .1510448E+01 .1510448E+01 .1510448E+01
.9659757E+00 .7738821E+00 .8891881E+00 .8891881E+00 .8891881E+00
.2133731E+01 .2241991E+01 .2658946E+01 .2658946E+01 .2658946E+01
.1081722E+01 .1183385E+01 .1468670E+01 .1468670E+01 .1468670E+01
.9685105E+00 .8842267E+00 .9203254E+00 .9203254E+00 .9203254E+00
.8817485E-02 .7408699E-02 .6510345E-02 .6510345E-02 .6510345E-02
.4005154E-05 .1400083E-06 .3257392E-07 .3257392E-07 .3257392E-07
.1272663E-02 .1295700E-03 .6412221E-04 .6412221E-04 .6412221E-04
.1226217E-01 .1028048E-01 .9031353E-02 .9031353E-02 .9031353E-02
.1480549E-04 .5180870E-06 .1205306E-06 .1205306E-06 .1205306E-06
.2447783E-02 .2492118E-03 .1233361E-03 .1233361E-03 .1233361E-03
.1710345E-01 .1427240E-01 .1253124E-01 .1253124E-01 .1253124E-01
.5468123E-04 .1917308E-05 .4460103E-06 .4460103E-06 .4460103E-06
.4707649E-02 .4792895E-03 .2372213E-03 .2372213E-03 .2372213E-03
.2401059E-01 .1983370E-01 .1739469E-01 .1739469E-01 .1739469E-01
.2015897E-03 .7096697E-05 .1650560E-05 .1650560E-05 .1650560E-05
.9053236E-02 .9216405E-03 .4562281E-03 .4562281E-03 .4562281E-03
.3418281E-01 .2761610E-01 .2416558E-01 .2416558E-01 .2416558E-01
.7403929E-03 .2627604E-04 .6109278E-05 .6109278E-05 .6109278E-05
.1741075E-01 .1771745E-02 .8772928E-03 .8772928E-03 .8772928E-03
.5013069E-01 .3860606E-01 .3362717E-01 .3362717E-01 .3362717E-01
.2697039E-02 .9734533E-04 .2261937E-04 .2261937E-04 .2261937E-04
.3350417E-01 .3404161E-02 .1686492E-02 .1686492E-02 .1686492E-02
.7789125E-01 .5441501E-01 .4694754E-01 .4694754E-01 .4694754E-01
.9638378E-02 .3609975E-03 .8379261E-04 .8379261E-04 .8379261E-04
.6466419E-01 .6534308E-02 .3240400E-02 .3240400E-02 .3240400E-02
.1325169E+00 .7801234E-01 .6598224E-01 .6598224E-01 .6598224E-01
.3283231E-01 .1340822E-02 .3106888E-03 .3106888E-03 .3106888E-03
.1261711E+00 .1252161E-01 .6220324E-02 .6220324E-02 .6220324E-02
.2448062E+00 .1157857E+00 .9399573E-01 .9399573E-01 .9399573E-01
.9901508E-01 .4988994E-02 .1153538E-02 .1153538E-02 .1153538E-02
.2538052E+00 .2393197E-01 .1192221E-01 .1192221E-01 .1192221E-01
.4533998E+00 .1836481E+00 .1375768E+00 .1375768E+00 .1375768E+00
.2396650E+00 .1854521E-01 .4288561E-02 .4288561E-02 .4288561E-02
.5138010E+00 .4560252E-01 .2279911E-01 .2279911E-01 .2279911E-01
.8748124E+00 .3239075E+00 .2119995E+00 .2119995E+00 .2119995E+00
.5568419E+00 .6763576E-01 .1591418E-01 .1591418E-01 .1591418E-01
.6975267E+00 .8701934E-01 .4350777E-01 .4350777E-01 .4350777E-01
.1501581E+01 .6275003E+00 .3551501E+00 .3551501E+00 .3551501E+00
.1070210E+01 .2228574E+00 .5790100E-01 .5790100E-01 .5790100E-01
.7879340E+00 .1706433E+00 .8329661E-01 .8329661E-01 .8329661E-01
.2365332E+01 .1127456E+01 .6451323E+00 .6451323E+00 .6451323E+00
.1796153E+01 .5324970E+00 .1914548E+00 .1914548E+00 .1914548E+00
.8530922E+00 .3668351E+00 .1640451E+00 .1640451E+00 .1640451E+00
.3226299E+01 .1762414E+01 .1120624E+01 .1120624E+01 .1120624E+01
.2492170E+01 .9485011E+00 .4689159E+00 .4689159E+00 .4689159E+00
.9018198E+00 .6308346E+00 .3496402E+00 .3496402E+00 .3496402E+00
.3376300E+01 .2309942E+01 .1660092E+01 .1660092E+01 .1660092E+01
.2483280E+01 .1338669E+01 .7974630E+00 .7974630E+00 .7974630E+00
.9155557E+00 .7302695E+00 .6228281E+00 .6228281E+00 .6228281E+00
.2422461E+01 .2681651E+01 .2038133E+01 .2038133E+01 .2038133E+01
.1408670E+01 .1634679E+01 .1031051E+01 .1031051E+01 .1031051E+01
.8981313E+00 .7546407E+00 .7533249E+00 .7533249E+00 .7533249E+00
.1977912E+01 .2970912E+01 .2191865E+01 .2191865E+01 .2191865E+01
.8945194E+00 .1886624E+01 .1094251E+01 .1094251E+01 .1094251E+01
.9116420E+00 .7622012E+00 .8180140E+00 .8180140E+00 .8180140E+00
.2504534E+01 .3021506E+01 .2326525E+01 .2326525E+01 .2326525E+01
.1412203E+01 .1917647E+01 .1189040E+01 .1189040E+01 .1189040E+01
.9672502E+00 .8126443E+00 .8416045E+00 .8416045E+00 .8416045E+00
.2125822E+01 .2516953E+01 .2583627E+01 .2583627E+01 .2583627E+01
.1050687E+01 .1385443E+01 .1412256E+01 .1412256E+01 .1412256E+01
.9635533E+00 .8181941E+00 .8814945E+00 .8814945E+00 .8814945E+00
.2106663E+01 .2145572E+01 .2647959E+01 .2647959E+01 .2647959E+01
.1055286E+01 .1051610E+01 .1444785E+01 .1444785E+01 .1444785E+01
.9676865E+00 .8985110E+00 .9281521E+00 .9281521E+00 .9281521E+00
.8583366E-02 .8936960E-02 .7281344E-02 .7281344E-02 .7281344E-02
.3831640E-05 .1521506E-06 .3732551E-07 .3732551E-07 .3732551E-07
.1281687E-02 .1278630E-03 .6413526E-04 .6413526E-04 .6413526E-04
.1193579E-01 .1240124E-01 .1010107E-01 .1010107E-01 .1010107E-01
.1416305E-04 .5630286E-06 .1381145E-06 .1381145E-06 .1381145E-06
.2465191E-02 .2459271E-03 .1233609E-03 .1233609E-03 .1233609E-03
.1664591E-01 .1721693E-01 .1401594E-01 .1401594E-01 .1401594E-01
.5230125E-04 .2083697E-05 .5110923E-06 .5110923E-06 .5110923E-06
.4741314E-02 .4729671E-03 .2372676E-03 .2372676E-03 .2372676E-03
.2336159E-01 .2392611E-01 .1945678E-01 .1945678E-01 .1945678E-01
.1927647E-03 .7713075E-05 .1891513E-05 .1891513E-05 .1891513E-05
.9118649E-02 .9094638E-03 .4563127E-03 .4563127E-03 .4563127E-03
.3323895E-01 .3331506E-01 .2703347E-01 .2703347E-01 .2703347E-01
.7076272E-03 .2856173E-04 .7001853E-05 .7001853E-05 .7001853E-05
.1753893E-01 .1748270E-02 .8774394E-03 .8774394E-03 .8774394E-03
.4868584E-01 .4657254E-01 .3762630E-01 .3762630E-01 .3762630E-01
.2575286E-02 .1058371E-03 .2592919E-04 .2592919E-04 .2592919E-04
.3375890E-01 .3358828E-02 .1686718E-02 .1686718E-02 .1686718E-02
.7545989E-01 .6563365E-01 .5255328E-01 .5255328E-01 .5255328E-01
.9187872E-02 .3926493E-03 .9608938E-04 .9608938E-04 .9608938E-04
.6518094E-01 .6446547E-02 .3240647E-02 .3240647E-02 .3240647E-02
.1278312E+00 .9403590E-01 .7392128E-01 .7392128E-01 .7392128E-01
.3121198E-01 .1459419E-02 .3565301E-03 .3565301E-03 .3565301E-03
.1272372E+00 .1235124E-01 .6220208E-02 .6220208E-02 .6220208E-02
.2348502E+00 .1392859E+00 .1054688E+00 .1054688E+00 .1054688E+00
.9381875E-01 .5436434E-02 .1325425E-02 .1325425E-02 .1325425E-02
.2558856E+00 .2360126E-01 .1192037E-01 .1192037E-01 .1192037E-01
.4332517E+00 .2197294E+00 .1548127E+00 .1548127E+00 .1548127E+00
.2268511E+00 .2023712E-01 .4938701E-02 .4938701E-02 .4938701E-02
.5162055E+00 .4497071E-01 .2279273E-01 .2279273E-01 .2279273E-01
.8346404E+00 .3827839E+00 .2397470E+00 .2397470E+00 .2397470E+00
.5279112E+00 .7380873E-01 .1839368E-01 .1839368E-01 .1839368E-01
.6992470E+00 .8591029E-01 .4350349E-01 .4350349E-01 .4350349E-01
.1440151E+01 .7236995E+00 .4044706E+00 .4044706E+00 .4044706E+00
.1023006E+01 .2410642E+00 .6721101E-01 .6721101E-01 .6721101E-01
.7896650E+00 .1694477E+00 .8343201E-01 .8343201E-01 .8343201E-01
.2289729E+01 .1254616E+01 .7374736E+00 .7374736E+00 .7374736E+00
.1738231E+01 .5592652E+00 .2217482E+00 .2217482E+00 .2217482E+00
.8513305E+00 .3689162E+00 .1655565E+00 .1655565E+00 .1655565E+00
.3178382E+01 .1849721E+01 .1265687E+01 .1265687E+01 .1265687E+01
.2465589E+01 .9348811E+00 .5293600E+00 .5293600E+00 .5293600E+00
.9005854E+00 .6333444E+00 .3583855E+00 .3583855E+00 .3583855E+00
.3448297E+01 .2319934E+01 .1799022E+01 .1799022E+01 .1799022E+01
.2574558E+01 .1246775E+01 .8569994E+00 .8569994E+00 .8569994E+00
.9204505E+00 .7435443E+00 .6228169E+00 .6228169E+00 .6228169E+00
.2550127E+01 .2563744E+01 .2132004E+01 .2132004E+01 .2132004E+01
.1553702E+01 .1419395E+01 .1052274E+01 .1052274E+01 .1052274E+01
.9071088E+00 .7790159E+00 .7552245E+00 .7552245E+00 .7552245E+00
.1877882E+01 .2816714E+01 .2189918E+01 .2189918E+01 .2189918E+01
.8064505E+00 .1640508E+01 .1036751E+01 .1036751E+01 .1036751E+01
.9066478E+00 .7857818E+00 .8296617E+00 .8296617E+00 .8296617E+00
.2539857E+01 .2929585E+01 .2261265E+01 .2261265E+01 .2261265E+01
.1454864E+01 .1775400E+01 .1076766E+01 .1076766E+01 .1076766E+01
.9693477E+00 .8197361E+00 .8607742E+00 .8607742E+00 .8607742E+00
.2055248E+01 .2661308E+01 .2488233E+01 .2488233E+01 .2488233E+01
.9832541E+00 .1469943E+01 .1299025E+01 .1299025E+01 .1299025E+01
.9617036E+00 .8676252E+00 .8803290E+00 .8803290E+00 .8803290E+00
.2131670E+01 .2125856E+01 .2605673E+01 .2605673E+01 .2605673E+01
.1081219E+01 .1018559E+01 .1396830E+01 .1396830E+01 .1396830E+01
.9686186E+00 .8851320E+00 .9287474E+00 .9287474E+00 .9287474E+00
.8308116E-02 .1068346E-01 .8154484E-02 .8154484E-02 .8154484E-02
.3633621E-05 .1674546E-06 .4323568E-07 .4323568E-07 .4323568E-07
.1288947E-02 .1269186E-03 .6497596E-04 .6497596E-04 .6497596E-04
.1155216E-01 .1482489E-01 .1131253E-01 .1131253E-01 .1131253E-01
.1343010E-04 .6196723E-06 .1599860E-06 .1599860E-06 .1599860E-06
.2479202E-02 .2441096E-03 .1249777E-03 .1249777E-03 .1249777E-03
.1610840E-01 .2058208E-01 .1569744E-01 .1569744E-01 .1569744E-01
.4958749E-04 .2293409E-05 .5920439E-06 .5920439E-06 .5920439E-06
.4768430E-02 .4694675E-03 .2403765E-03 .2403765E-03 .2403765E-03
.2259997E-01 .2860339E-01 .2179239E-01 .2179239E-01 .2179239E-01
.1827130E-03 .8489912E-05 .2191223E-05 .2191223E-05 .2191223E-05
.9171404E-02 .9027203E-03 .4622885E-03 .4622885E-03 .4622885E-03
.3213370E-01 .3982919E-01 .3028229E-01 .3028229E-01 .3028229E-01
.6703846E-03 .3144225E-04 .8112097E-05 .8112097E-05 .8112097E-05
.1764249E-01 .1735259E-02 .8889196E-03 .8889196E-03 .8889196E-03
.4700144E-01 .5568038E-01 .4215804E-01 .4215804E-01 .4215804E-01
.2437441E-02 .1165374E-03 .3004627E-04 .3004627E-04 .3004627E-04
.3396511E-01 .3333684E-02 .1708752E-02 .1708752E-02 .1708752E-02
.7265011E-01 .7846429E-01 .5890950E-01 .5890950E-01 .5890950E-01
.8681527E-02 .4325209E-03 .1113858E-03 .1113858E-03 .1113858E-03
.6559853E-01 .6397875E-02 .3282878E-02 .3282878E-02 .3282878E-02
.1224985E+00 .1123734E+00 .8293407E-01 .8293407E-01 .8293407E-01
.2941408E-01 .1608720E-02 .4135555E-03 .4135555E-03 .4135555E-03
.1280818E+00 .1225719E-01 .6301013E-02 .6301013E-02 .6301013E-02
.2237538E+00 .1662038E+00 .1185241E+00 .1185241E+00 .1185241E+00
.8816259E-01 .5998883E-02 .1539240E-02 .1539240E-02 .1539240E-02
.2573846E+00 .2342254E-01 .1207498E-01 .1207498E-01 .1207498E-01
.4110345E+00 .2610769E+00 .1745099E+00 .1745099E+00 .1745099E+00
.2130537E+00 .2235616E-01 .5747146E-02 .5747146E-02 .5747146E-02
.5172844E+00 .4465589E-01 .2309141E-01 .2309141E-01 .2309141E-01
.7896460E+00 .4500028E+00 .2716729E+00 .2716729E+00 .2716729E+00
.4958783E+00 .8146463E-01 .2147147E-01 .2147147E-01 .2147147E-01
.7016885E+00 .8553117E-01 .4410753E-01 .4410753E-01 .4410753E-01
.1370285E+01 .8315714E+00 .4615868E+00 .4615868E+00 .4615868E+00
.9695923E+00 .2631139E+00 .7867815E-01 .7867815E-01 .7867815E-01
.7925890E+00 .1702080E+00 .8485364E-01 .8485364E-01 .8485364E-01
.2200529E+01 .1393851E+01 .8435859E+00 .8435859E+00 .8435859E+00
.1669310E+01 .5918162E+00 .2579386E+00 .2579386E+00 .2579386E+00
.8510659E+00 .3751228E+00 .1701336E+00 .1701336E+00 .1701336E+00
.3107845E+01 .1947780E+01 .1427314E+01 .1427314E+01 .1427314E+01
.2419666E+01 .9350638E+00 .5972167E+00 .5972167E+00 .5972167E+00
.8992005E+00 .6358849E+00 .3731139E+00 .3731139E+00 .3731139E+00
.3500721E+01 .2342210E+01 .1944008E+01 .1944008E+01 .1944008E+01
.2652446E+01 .1179828E+01 .9224119E+00 .9224119E+00 .9224119E+00
.9225941E+00 .7557085E+00 .6235377E+00 .6235377E+00 .6235377E+00
.2713501E+01 .2474180E+01 .2229125E+01 .2229125E+01 .2229125E+01
.1736613E+01 .1247024E+01 .1081599E+01 .1081599E+01 .1081599E+01
.9190234E+00 .8089215E+00 .7563773E+00 .7563773E+00 .7563773E+00
.1822173E+01 .2652568E+01 .2204164E+01 .2204164E+01 .2204164E+01
.7690186E+00 .1395096E+01 .1002821E+01 .1002821E+01 .1002821E+01
.8998528E+00 .8217681E+00 .8395276E+00 .8395276E+00 .8395276E+00
.2487897E+01 .2809932E+01 .2215010E+01 .2215010E+01 .2215010E+01
.1414940E+01 .1603698E+01 .9884242E+00 .9884242E+00 .9884242E+00
.9665423E+00 .8323293E+00 .8869065E+00 .8869065E+00 .8869065E+00
.2064508E+01 .2724873E+01 .2385613E+01 .2385613E+01 .2385613E+01
.9984953E+00 .1501967E+01 .1173820E+01 .1173820E+01 .1173820E+01
.9605706E+00 .8906770E+00 .8916469E+00 .8916469E+00 .8916469E+00
.2198486E+01 .2232706E+01 .2534915E+01 .2534915E+01 .2534915E+01
.1149515E+01 .1094770E+01 .1329468E+01 .1329468E+01 .1329468E+01
.9707855E+00 .9028246E+00 .9175313E+00 .9175313E+00 .9175313E+00
.7617524E-02 .1483542E-01 .1019610E-01 .1019610E-01 .1019610E-01
.3164528E-05 .2102830E-06 .5944509E-07 .5944509E-07 .5944509E-07
.1291708E-02 .1287342E-03 .6959171E-04 .6959171E-04 .6959171E-04
.1059007E-01 .2058683E-01 .1414533E-01 .1414533E-01 .1414533E-01
.1169464E-04 .7781865E-06 .2199715E-06 .2199715E-06 .2199715E-06
.2484577E-02 .2476005E-03 .1338555E-03 .1338555E-03 .1338555E-03
.1476158E-01 .2858277E-01 .1962964E-01 .1962964E-01 .1962964E-01
.4316804E-04 .2880254E-05 .8140645E-06 .8140645E-06 .8140645E-06
.4779006E-02 .4761777E-03 .2574507E-03 .2574507E-03 .2574507E-03
.2069500E-01 .3972480E-01 .2725503E-01 .2725503E-01 .2725503E-01
.1589783E-03 .1066360E-04 .3013218E-05 .3013218E-05 .3013218E-05
.9192555E-02 .9156129E-03 .4951222E-03 .4951222E-03 .4951222E-03
.2937952E-01 .5532122E-01 .3788289E-01 .3788289E-01 .3788289E-01
.5827465E-03 .3950108E-04 .1115709E-04 .1115709E-04 .1115709E-04
.1768582E-01 .1760019E-02 .9520449E-03 .9520449E-03 .9520449E-03
.4283605E-01 .7734878E-01 .5276589E-01 .5276589E-01 .5276589E-01
.2115157E-02 .1464641E-03 .4133779E-04 .4133779E-04 .4133779E-04
.3405590E-01 .3381238E-02 .1830073E-02 .1830073E-02 .1830073E-02
.6580478E-01 .1090101E+00 .7380434E-01 .7380434E-01 .7380434E-01
.7511694E-02 .5439621E-03 .1533363E-03 .1533363E-03 .1533363E-03
.6578559E-01 .6489484E-02 .3515945E-02 .3515945E-02 .3515945E-02
.1098381E+00 .1560797E+00 .1040995E+00 .1040995E+00 .1040995E+00
.2534551E-01 .2025423E-02 .5699290E-03 .5699290E-03 .5699290E-03
.1283858E+00 .1243602E-01 .6748645E-02 .6748645E-02 .6748645E-02
.1983028E+00 .2304651E+00 .1493100E+00 .1493100E+00 .1493100E+00
.7574574E-01 .7563621E-02 .2125317E-02 .2125317E-02 .2125317E-02
.2571184E+00 .2378743E-01 .1293581E-01 .1293581E-01 .1293581E-01
.3611233E+00 .3598666E+00 .2213089E+00 .2213089E+00 .2213089E+00
.1833134E+00 .2820510E-01 .7960100E-02 .7960100E-02 .7960100E-02
.5130507E+00 .4549562E-01 .2475931E-01 .2475931E-01 .2475931E-01
.6871316E+00 .6095739E+00 .3484102E+00 .3484102E+00 .3484102E+00
.4244578E+00 .1021684E+00 .2985679E-01 .2985679E-01 .2985679E-01
.7081098E+00 .8798203E-01 .4743386E-01 .4743386E-01 .4743386E-01
.1206581E+01 .1080506E+01 .6002298E+00 .6002298E+00 .6002298E+00
.8462051E+00 .3199930E+00 .1093870E+00 .1093870E+00 .1093870E+00
.8004236E+00 .1793886E+00 .9211746E-01 .9211746E-01 .9211746E-01
.1979511E+01 .1701456E+01 .1097353E+01 .1097353E+01 .1097353E+01
.1497635E+01 .6750480E+00 .3493407E+00 .3493407E+00 .3493407E+00
.8570958E+00 .3981903E+00 .1893926E+00 .1893926E+00 .1893926E+00
.2894272E+01 .2180254E+01 .1792725E+01 .1792725E+01 .1792725E+01
.2264759E+01 .9805349E+00 .7536770E+00 .7536770E+00 .7536770E+00
.9013965E+00 .6395113E+00 .4147909E+00 .4147909E+00 .4147909E+00
.3492055E+01 .2442376E+01 .2258369E+01 .2258369E+01 .2258369E+01
.2710874E+01 .1137618E+01 .1070884E+01 .1070884E+01 .1070884E+01
.9207993E+00 .7669137E+00 .6287108E+00 .6287108E+00 .6287108E+00
.3076571E+01 .2429133E+01 .2437326E+01 .2437326E+01 .2437326E+01
.2156227E+01 .1086316E+01 .1165534E+01 .1165534E+01 .1165534E+01
.9299689E+00 .8512777E+00 .7534831E+00 .7534831E+00 .7534831E+00
.1978256E+01 .2404323E+01 .2314358E+01 .2314358E+01 .2314358E+01
.9677826E+00 .1056294E+01 .1026867E+01 .1026867E+01 .1026867E+01
.9182175E+00 .9032232E+00 .8402162E+00 .8402162E+00 .8402162E+00
.2169838E+01 .2500392E+01 .2214260E+01 .2214260E+01 .2214260E+01
.1131276E+01 .1193936E+01 .9433740E+00 .9433740E+00 .9433740E+00
.9572727E+00 .8985796E+00 .9156441E+00 .9156441E+00 .9156441E+00
.2259208E+01 .2610631E+01 .2231199E+01 .2231199E+01 .2231199E+01
.1209874E+01 .1378674E+01 .9809465E+00 .9809465E+00 .9809465E+00
.9664961E+00 .8804765E+00 .9446574E+00 .9446574E+00 .9446574E+00
.2130807E+01 .2499021E+01 .2324807E+01 .2324807E+01 .2324807E+01
.1088842E+01 .1327792E+01 .1107573E+01 .1107573E+01 .1107573E+01
.9686979E+00 .9292864E+00 .9244140E+00 .9244140E+00 .9244140E+00
.6708931E-02 .1982781E-01 .1258693E-01 .1258693E-01 .1258693E-01
.2605508E-05 .2748559E-06 .8329852E-07 .8329852E-07 .8329852E-07
.1260854E-02 .1374180E-03 .7851136E-04 .7851136E-04 .7851136E-04
.9325078E-02 .2751538E-01 .1746286E-01 .1746286E-01 .1746286E-01
.9627912E-05 .1017172E-05 .3082445E-06 .3082445E-06 .3082445E-06
.2425239E-02 .2643022E-03 .1510117E-03 .1510117E-03 .1510117E-03
.1299301E-01 .3820422E-01 .2423522E-01 .2423522E-01 .2423522E-01
.3553336E-04 .3764949E-05 .1140781E-05 .1140781E-05 .1140781E-05
.4664886E-02 .5082980E-03 .2904470E-03 .2904470E-03 .2904470E-03
.1820015E-01 .5310145E-01 .3365459E-01 .3365459E-01 .3365459E-01
.1308220E-03 .1394006E-04 .4222804E-05 .4222804E-05 .4222804E-05
.8973025E-02 .9773797E-03 .5585770E-03 .5585770E-03 .5585770E-03
.2579228E-01 .7396090E-01 .4679110E-01 .4679110E-01 .4679110E-01
.4792804E-03 .5164484E-04 .1563768E-04 .1563768E-04 .1563768E-04
.1726290E-01 .1878787E-02 .1074052E-02 .1074052E-02 .1074052E-02
.3747156E-01 .1034359E+00 .6520974E-01 .6520974E-01 .6520974E-01
.1738086E-02 .1915335E-03 .5795126E-04 .5795126E-04 .5795126E-04
.3323640E-01 .3609658E-02 .2064596E-02 .2064596E-02 .2064596E-02
.5718004E-01 .1458271E+00 .9130783E-01 .9130783E-01 .9130783E-01
.6165419E-02 .7115844E-03 .2150458E-03 .2150458E-03 .2150458E-03
.6416432E-01 .6929365E-02 .3966584E-02 .3966584E-02 .3966584E-02
.9447381E-01 .2088625E+00 .1290580E+00 .1290580E+00 .1290580E+00
.2079473E-01 .2650541E-02 .7998405E-03 .7998405E-03 .7998405E-03
.1249632E+00 .1328731E-01 .7614393E-02 .7614393E-02 .7614393E-02
.1689188E+00 .3082898E+00 .1858549E+00 .1858549E+00 .1858549E+00
.6242049E-01 .9897046E-02 .2985946E-02 .2985946E-02 .2985946E-02
.2487821E+00 .2546116E-01 .1460084E-01 .1460084E-01 .1460084E-01
.3056406E+00 .4797084E+00 .2775273E+00 .2775273E+00 .2775273E+00
.1523582E+00 .3680471E-01 .1119908E-01 .1119908E-01 .1119908E-01
.4944099E+00 .4893697E-01 .2798139E-01 .2798139E-01 .2798139E-01
.5732374E+00 .8014269E+00 .4422320E+00 .4422320E+00 .4422320E+00
.3481334E+00 .1315473E+00 .4201228E-01 .4201228E-01 .4201228E-01
.7125256E+00 .9583693E-01 .5381618E-01 .5381618E-01 .5381618E-01
.1018728E+01 .1368806E+01 .7720002E+00 .7720002E+00 .7720002E+00
.7087729E+00 .3947764E+00 .1525426E+00 .1525426E+00 .1525426E+00
.8051511E+00 .1997422E+00 .1056874E+00 .1056874E+00 .1056874E+00
.1705143E+01 .2031256E+01 .1404899E+01 .1404899E+01 .1404899E+01
.1286348E+01 .7811481E+00 .4666593E+00 .4666593E+00 .4666593E+00
.8686597E+00 .4278257E+00 .2219385E+00 .2219385E+00 .2219385E+00
.2574996E+01 .2453807E+01 .2191452E+01 .2191452E+01 .2191452E+01
.2022967E+01 .1075061E+01 .9337603E+00 .9337603E+00 .9337603E+00
.9110211E+00 .6432522E+00 .4582698E+00 .4582698E+00 .4582698E+00
.3297786E+01 .2616774E+01 .2610773E+01 .2610773E+01 .2610773E+01
.2602567E+01 .1195560E+01 .1237076E+01 .1237076E+01 .1237076E+01
.9264694E+00 .7602887E+00 .6425476E+00 .6425476E+00 .6425476E+00
.3245730E+01 .2538214E+01 .2682440E+01 .2682440E+01 .2682440E+01
.2402112E+01 .1135596E+01 .1276166E+01 .1276166E+01 .1276166E+01
.9290514E+00 .8390404E+00 .7494605E+00 .7494605E+00 .7494605E+00
.2350844E+01 .2413402E+01 .2508398E+01 .2508398E+01 .2508398E+01
.1396009E+01 .1066138E+01 .1140719E+01 .1140719E+01 .1140719E+01
.9108753E+00 .9006477E+00 .8214062E+00 .8214062E+00 .8214062E+00
.2164364E+01 .2342394E+01 .2366303E+01 .2366303E+01 .2366303E+01
.1158019E+01 .1040573E+01 .1079401E+01 .1079401E+01 .1079401E+01
.9474071E+00 .9472213E+00 .8790595E+00 .8790595E+00 .8790595E+00
.2155895E+01 .2310542E+01 .2287369E+01 .2287369E+01 .2287369E+01
.1138487E+01 .1043919E+01 .1058661E+01 .1058661E+01 .1058661E+01
.9709251E+00 .9652830E+00 .9251048E+00 .9251048E+00 .9251048E+00
.2188174E+01 .2341161E+01 .2224824E+01 .2224824E+01 .2224824E+01
.1157758E+01 .1130157E+01 .1025517E+01 .1025517E+01 .1025517E+01
.9633065E+00 .9368615E+00 .9624733E+00 .9624733E+00 .9624733E+00
.5669005E-02 .2494392E-01 .1496290E-01 .1496290E-01 .1496290E-01
.2042655E-05 .3577922E-06 .1133247E-06 .1133247E-06 .1133247E-06
.1171148E-02 .1520958E-03 .9028080E-04 .9028080E-04 .9028080E-04
.7878218E-02 .3461607E-01 .2076002E-01 .2076002E-01 .2076002E-01
.7548434E-05 .1324104E-05 .4193592E-06 .4193592E-06 .4193592E-06
.2252649E-02 .2925319E-03 .1736489E-03 .1736489E-03 .1736489E-03
.1097298E-01 .4806585E-01 .2881318E-01 .2881318E-01 .2881318E-01
.2786159E-04 .4901066E-05 .1552029E-05 .1552029E-05 .1552029E-05
.4332754E-02 .5625863E-03 .3339846E-03 .3339846E-03 .3339846E-03
.1535872E-01 .6681509E-01 .4001754E-01 .4001754E-01 .4001754E-01
.1025991E-03 .1814683E-04 .5745280E-05 .5745280E-05 .5745280E-05
.8333478E-02 .1081764E-02 .6423016E-03 .6423016E-03 .6423016E-03
.2173085E-01 .9307836E-01 .5565323E-01 .5565323E-01 .5565323E-01
.3760571E-03 .6723063E-04 .2127676E-04 .2127676E-04 .2127676E-04
.1602947E-01 .2079455E-02 .1235025E-02 .1235025E-02 .1235025E-02
.3147108E-01 .1302136E+00 .7760274E-01 .7760274E-01 .7760274E-01
.1365192E-02 .2493320E-03 .7885621E-04 .7885621E-04 .7885621E-04
.3084753E-01 .3995367E-02 .2373991E-02 .2373991E-02 .2373991E-02
.4775568E-01 .1836758E+00 .1087776E+00 .1087776E+00 .1087776E+00
.4855168E-02 .9261999E-03 .2926644E-03 .2926644E-03 .2926644E-03
.5948285E-01 .7671071E-02 .4560989E-02 .4560989E-02 .4560989E-02
.7833573E-01 .2632672E+00 .1540750E+00 .1540750E+00 .1540750E+00
.1648494E-01 .3448153E-02 .1088772E-02 .1088772E-02 .1088772E-02
.1154995E+00 .1471743E-01 .8755974E-02 .8755974E-02 .8755974E-02
.1396438E+00 .3888172E+00 .2227860E+00 .2227860E+00 .2227860E+00
.5029949E-01 .1285169E-01 .4065359E-02 .4065359E-02 .4065359E-02
.2285090E+00 .2824598E-01 .1679502E-01 .1679502E-01 .1679502E-01
.2531469E+00 .6040769E+00 .3351618E+00 .3351618E+00 .3351618E+00
.1253605E+00 .4750095E-01 .1524177E-01 .1524177E-01 .1524177E-01
.4558546E+00 .5452103E-01 .3222212E-01 .3222212E-01 .3222212E-01
.4680973E+00 .9989212E+00 .5404008E+00 .5404008E+00 .5404008E+00
.2814436E+00 .1665482E+00 .5698653E-01 .5698653E-01 .5698653E-01
.7052037E+00 .1078019E+00 .6218914E-01 .6218914E-01 .6218914E-01
.8442894E+00 .1654874E+01 .9542761E+00 .9542761E+00 .9542761E+00
.5864116E+00 .4766855E+00 .2036994E+00 .2036994E+00 .2036994E+00
.7964530E+00 .2261210E+00 .1232559E+00 .1232559E+00 .1232559E+00
.1434427E+01 .2329610E+01 .1724013E+01 .1724013E+01 .1724013E+01
.1083047E+01 .8916263E+00 .5932778E+00 .5932778E+00 .5932778E+00
.8716167E+00 .4527297E+00 .2603982E+00 .2603982E+00 .2603982E+00
.2219188E+01 .2713029E+01 .2550762E+01 .2550762E+01 .2550762E+01
.1755118E+01 .1182294E+01 .1108517E+01 .1108517E+01 .1108517E+01
.9145956E+00 .6489848E+00 .4881916E+00 .4881916E+00 .4881916E+00
.2975781E+01 .2802741E+01 .2940485E+01 .2940485E+01 .2940485E+01
.2379433E+01 .1286175E+01 .1390958E+01 .1390958E+01 .1390958E+01
.9360918E+00 .7508836E+00 .6600874E+00 .6600874E+00 .6600874E+00
.3119520E+01 .2688038E+01 .2915591E+01 .2915591E+01 .2915591E+01
.2381693E+01 .1248745E+01 .1380670E+01 .1380670E+01 .1380670E+01
.9406660E+00 .8110961E+00 .7512261E+00 .7512261E+00 .7512261E+00
.2417407E+01 .2553728E+01 .2696507E+01 .2696507E+01 .2696507E+01
.1541799E+01 .1221766E+01 .1256763E+01 .1256763E+01 .1256763E+01
.9246142E+00 .8480737E+00 .8072900E+00 .8072900E+00 .8072900E+00
.2165097E+01 .2458924E+01 .2556511E+01 .2556511E+01 .2556511E+01
.1178549E+01 .1223844E+01 .1234818E+01 .1234818E+01 .1234818E+01
.9315569E+00 .8720207E+00 .8452503E+00 .8452503E+00 .8452503E+00
.2287815E+01 .2376939E+01 .2458161E+01 .2458161E+01 .2458161E+01
.1243313E+01 .1221496E+01 .1239141E+01 .1239141E+01 .1239141E+01
.9624194E+00 .8876074E+00 .8662957E+00 .8662957E+00 .8662957E+00
.2204611E+01 .2307759E+01 .2373165E+01 .2373165E+01 .2373165E+01
.1153712E+01 .1214487E+01 .1235543E+01 .1235543E+01 .1235543E+01
.9720758E+00 .8997786E+00 .8796169E+00 .8796169E+00 .8796169E+00
