.9433864E-02 .2732570E-02 .7704382E-02 .1448269E-01 .3001796E-01 .4021109E-01 .7519562E-02 .1094281E-01
.1016005E-07 .1191953E-06 .4879414E-06 .9917992E-06 .1685464E-05 .1487319E-05 .1881464E-05 .8760487E-05
.3750148E-04 .1413956E-03 .2707035E-03 .3580688E-03 .4251657E-03 .5061222E-03 .8544158E-03 .1612685E-02
.1308508E-01 .3791531E-02 .1069450E-01 .2010966E-01 .4168662E-01 .5581445E-01 .1044690E-01 .1523979E-01
.3759207E-07 .4410439E-06 .1805607E-05 .3670442E-05 .6237572E-05 .5501380E-05 .6957342E-05 .3238521E-04
.7213508E-04 .2719663E-03 .5206560E-03 .6886607E-03 .8176784E-03 .9735270E-03 .1643306E-02 .3101079E-02
.1815083E-01 .5263297E-02 .1485790E-01 .2795480E-01 .5796270E-01 .7752921E-01 .1454082E-01 .2132349E-01
.1390891E-06 .1632002E-05 .6682268E-05 .1358598E-04 .2308783E-04 .2034177E-04 .2571237E-04 .1196110E-03
.1387526E-03 .5230862E-03 .1001309E-02 .1324310E-02 .1572329E-02 .1872595E-02 .3160277E-02 .5961683E-02
.2518144E-01 .7313468E-02 .2067874E-01 .3895016E-01 .8078934E-01 .1078410E+00 .2032003E-01 .3014170E-01
.5146142E-06 .6039337E-05 .2473469E-04 .5030399E-04 .8547989E-04 .7515788E-04 .9491581E-04 .4409126E-03
.2668884E-03 .1005986E-02 .1925356E-02 .2546101E-02 .3022722E-02 .3602189E-02 .6076626E-02 .1145685E-01
.3494524E-01 .1018353E-01 .2888677E-01 .5452617E-01 .1131442E+00 .1503889E+00 .2864361E-01 .4355872E-01
.1903938E-05 .2235172E-04 .9158681E-04 .1863593E-03 .3165878E-03 .2772087E-03 .3495359E-03 .1618164E-02
.5133425E-03 .1934361E-02 .3701018E-02 .4893202E-02 .5808864E-02 .6930999E-02 .1168173E-01 .2200923E-01
.4852141E-01 .1424536E-01 .4067064E-01 .7707295E-01 .1599467E+00 .2106935E+00 .4114062E-01 .6588337E-01
.7043428E-05 .8274097E-04 .3393085E-03 .6909764E-03 .1172759E-02 .1018265E-02 .1280506E-02 .5874939E-02
.9873407E-03 .3718344E-02 .7110549E-02 .9398239E-02 .1115823E-01 .1334689E-01 .2245457E-01 .4229984E-01
.6744311E-01 .2013320E-01 .5822721E-01 .1111277E+00 .2302221E+00 .2974766E+00 .6142279E-01 .1081166E+00
.2605095E-04 .3063765E-03 .1257987E-02 .2564388E-02 .4339754E-02 .3702978E-02 .4634823E-02 .2072297E-01
.1898895E-02 .7143808E-02 .1365002E-01 .1803745E-01 .2143335E-01 .2576586E-01 .4319502E-01 .8166025E-01
.9393403E-01 .2911579E-01 .8634196E-01 .1667041E+00 .3424419E+00 .4246663E+00 .9837087E-01 .1965692E+00
.9630364E-04 .1134697E-02 .4665795E-02 .9513062E-02 .1595348E-01 .1312663E-01 .1627614E-01 .6757146E-01
.3651809E-02 .1371344E-01 .2617990E-01 .3461407E-01 .4126668E-01 .5009359E-01 .8346770E-01 .1604802E+00
.1313371E+00 .4425058E-01 .1371929E+00 .2687463E+00 .5361741E+00 .6116987E+00 .1725513E+00 .3756983E+00
.3555629E-03 .4198904E-02 .1725479E-01 .3498461E-01 .5704304E-01 .4356814E-01 .5276321E-01 .1862392E+00
.7023076E-02 .2629918E-01 .5023005E-01 .6668768E-01 .8035087E-01 .9918854E-01 .1639778E+00 .3248330E+00
.1849643E+00 .7407751E-01 .2443164E+00 .4793665E+00 .8816992E+00 .8704834E+00 .3159032E+00 .7124829E+00
.1308553E-02 .1544006E-01 .6259298E-01 .1229987E+00 .1847672E+00 .1232952E+00 .1425285E+00 .4312018E+00
.1351288E-01 .5045219E-01 .9711677E-01 .1311088E+00 .1623563E+00 .2036486E+00 .3325364E+00 .5879369E+00
.2638609E+00 .1434020E+00 .4897540E+00 .9085400E+00 .1419982E+01 .1179052E+01 .5793159E+00 .1298239E+01
.4774832E-02 .5509388E-01 .2086483E+00 .3671456E+00 .4610840E+00 .2616143E+00 .3260346E+00 .9009035E+00
.2605229E-01 .9756050E-01 .1944461E+00 .2743054E+00 .3479662E+00 .4196126E+00 .6003938E+00 .7287181E+00
.3841948E+00 .3112289E+00 .9909418E+00 .1641958E+01 .2050395E+01 .1505288E+01 .1033462E+01 .2085693E+01
.1702333E-01 .1757294E+00 .5514216E+00 .8256848E+00 .8398144E+00 .4380013E+00 .6793818E+00 .1551177E+01
.5057382E-01 .1953072E+00 .4161174E+00 .5512005E+00 .6064165E+00 .6681329E+00 .7420401E+00 .8251901E+00
.5731026E+00 .6722298E+00 .1882242E+01 .2456819E+01 .2566658E+01 .1800990E+01 .1678468E+01 .2881519E+01
.5700249E-01 .4569995E+00 .1217618E+01 .1435184E+01 .1208457E+01 .6425749E+00 .1201584E+01 .2195396E+01
.1001174E+00 .3980865E+00 .6415806E+00 .6803608E+00 .7366037E+00 .7851698E+00 .8360191E+00 .8737230E+00
.8618164E+00 .1332428E+01 .2817721E+01 .3069353E+01 .2787900E+01 .2020975E+01 .2412148E+01 .3185966E+01
.1640305E+00 .1015635E+01 .1947718E+01 .1853969E+01 .1369938E+01 .8197815E+00 .1795204E+01 .2343550E+01
.2057763E+00 .6012717E+00 .7484167E+00 .7837857E+00 .8173108E+00 .8580954E+00 .8868623E+00 .8916102E+00
.1261845E+01 .2206064E+01 .3387173E+01 .3081049E+01 .2676084E+01 .2152998E+01 .2893259E+01 .2691864E+01
.3676502E+00 .1759537E+01 .2335172E+01 .1744223E+01 .1283855E+01 .9486789E+00 .2125775E+01 .1710297E+01
.4076962E+00 .7293276E+00 .8063249E+00 .8308067E+00 .8595877E+00 .8984263E+00 .9112456E+00 .8827968E+00
.1742352E+01 .2990274E+01 .3064046E+01 .2612170E+01 .2496064E+01 .2219457E+01 .2761589E+01 .2252168E+01
.6642801E+00 .2396959E+01 .1869873E+01 .1263657E+01 .1176893E+01 .1037301E+01 .1850030E+01 .1179220E+01
.6039930E+00 .7981801E+00 .8227119E+00 .8549666E+00 .8882921E+00 .9212831E+00 .9113049E+00 .8947329E+00
.2205796E+01 .3147631E+01 .2417168E+01 .2439564E+01 .2407199E+01 .2241259E+01 .2394182E+01 .2340614E+01
.1000032E+01 .2403619E+01 .1161961E+01 .1154758E+01 .1175527E+01 .1093261E+01 .1369636E+01 .1238298E+01
.7361475E+00 .8158279E+00 .8341496E+00 .9010443E+00 .9085064E+00 .9348762E+00 .9151232E+00 .9455976E+00
.2528955E+01 .2732469E+01 .2456087E+01 .2388765E+01 .2333265E+01 .2224278E+01 .2296230E+01 .2220644E+01
.1254421E+01 .1858027E+01 .1231983E+01 .1188705E+01 .1178059E+01 .1114182E+01 .1210561E+01 .1133814E+01
.8161140E+00 .8079571E+00 .9134645E+00 .9227047E+00 .9181212E+00 .9429653E+00 .9453299E+00 .9602525E+00
.2614370E+01 .2479343E+01 .2328216E+01 .2307013E+01 .2272420E+01 .2190093E+01 .2231961E+01 .2185997E+01
.1327375E+01 .1503451E+01 .1168219E+01 .1176378E+01 .1178164E+01 .1116897E+01 .1136967E+01 .1122689E+01
.8583383E+00 .8457801E+00 .9292039E+00 .9283810E+00 .9239639E+00 .9480418E+00 .9650166E+00 .9662235E+00
.2501186E+01 .2364009E+01 .2279713E+01 .2246983E+01 .2222399E+01 .2160884E+01 .2184113E+01 .2149687E+01
.1242434E+01 .1334204E+01 .1170843E+01 .1170734E+01 .1176336E+01 .1121026E+01 .1106918E+01 .1111191E+01
.8852001E+00 .8988774E+00 .9374037E+00 .9328741E+00 .9277299E+00 .9514466E+00 .9731644E+00 .9695347E+00
.9425160E-02 .2900823E-02 .7813265E-02 .1449947E-01 .2988835E-01 .4004556E-01 .7974485E-02 .1090029E-01
.1029042E-07 .1198878E-06 .4875396E-06 .9906460E-06 .1681632E-05 .1489919E-05 .1891083E-05 .8771484E-05
.3715108E-04 .1408359E-03 .2708342E-03 .3582679E-03 .4255137E-03 .5033139E-03 .8497037E-03 .1612267E-02
.1307303E-01 .4025001E-02 .1084564E-01 .2013294E-01 .4150657E-01 .5558523E-01 .1107895E-01 .1518066E-01
.3807455E-07 .4436069E-06 .1804118E-05 .3666169E-05 .6223385E-05 .5511059E-05 .6992904E-05 .3242618E-04
.7146098E-04 .2708893E-03 .5209077E-03 .6890442E-03 .8183477E-03 .9681153E-03 .1634233E-02 .3100266E-02
.1813416E-01 .5587414E-02 .1506784E-01 .2798709E-01 .5771221E-01 .7721228E-01 .1542038E-01 .2124107E-01
.1408748E-06 .1641491E-05 .6676737E-05 .1357012E-04 .2303529E-04 .2037801E-04 .2584372E-04 .1197645E-03
.1374556E-03 .5210134E-03 .1001794E-02 .1325049E-02 .1573617E-02 .1862149E-02 .3142789E-02 .5960089E-02
.2515845E-01 .7763832E-02 .2097079E-01 .3899494E-01 .8043992E-01 .1074042E+00 .2154774E-01 .3002645E-01
.5212250E-06 .6074484E-05 .2471408E-04 .5024496E-04 .8528520E-04 .7529510E-04 .9539998E-04 .4414943E-03
.2643923E-03 .1001995E-02 .1926294E-02 .2547530E-02 .3025198E-02 .3581962E-02 .6042861E-02 .1145366E-01
.3491370E-01 .1081041E-01 .2929412E-01 .5458819E-01 .1126543E+00 .1497913E+00 .3036714E-01 .4339698E-01
.1928424E-05 .2248202E-04 .9150948E-04 .1861385E-03 .3158659E-03 .2777391E-03 .3513119E-03 .1620412E-02
.5085365E-03 .1926670E-02 .3702840E-02 .4895973E-02 .5813625E-02 .6891593E-02 .1161632E-01 .2200265E-01
.4847861E-01 .1512088E-01 .4124159E-01 .7715856E-01 .1592535E+00 .2098890E+00 .4358571E-01 .6565662E-01
.7134216E-05 .8322480E-04 .3390143E-03 .6901423E-03 .1170082E-02 .1020392E-02 .1286941E-02 .5883885E-02
.9780789E-03 .3703496E-02 .7114118E-02 .9403656E-02 .1116738E-01 .1326923E-01 .2232704E-01 .4228542E-01
.6738634E-01 .2136398E-01 .5903453E-01 .1112446E+00 .2292259E+00 .2964355E+00 .6495460E-01 .1078072E+00
.2638817E-04 .3081775E-03 .1256836E-02 .2561180E-02 .4329880E-02 .3712045E-02 .4657422E-02 .2075948E-01
.1881016E-02 .7115052E-02 .1365713E-01 .1804820E-01 .2145086E-01 .2560941E-01 .4294363E-01 .8162552E-01
.9386249E-01 .3086784E-01 .8750058E-01 .1668578E+00 .3409785E+00 .4234567E+00 .1036078E+00 .1961929E+00
.9756051E-04 .1141422E-02 .4661038E-02 .9500340E-02 .1591793E-01 .1316858E-01 .1634894E-01 .6771206E-01
.3617181E-02 .1365740E-01 .2619453E-01 .3463600E-01 .4129981E-01 .4976561E-01 .8296323E-01 .1603876E+00
.1312581E+00 .4680449E-01 .1388911E+00 .2689212E+00 .5339978E+00 .6107381E+00 .1804695E+00 .3753403E+00
.3602760E-03 .4224048E-02 .1723303E-01 .3493179E-01 .5692737E-01 .4377511E-01 .5294574E-01 .1866395E+00
.6955587E-02 .2618873E-01 .5026213E-01 .6673482E-01 .8041037E-01 .9845278E-01 .1629429E+00 .3246593E+00
.1849127E+00 .7796000E-01 .2468336E+00 .4794408E+00 .8787248E+00 .8710180E+00 .3273569E+00 .7122694E+00
.1326412E-02 .1553274E-01 .6247662E-01 .1227718E+00 .1845250E+00 .1242555E+00 .1427208E+00 .4319929E+00
.1337978E-01 .5023008E-01 .9719595E-01 .1312197E+00 .1624361E+00 .2018479E+00 .3303505E+00 .5883068E+00
.2639580E+00 .1496674E+00 .4931274E+00 .9080475E+00 .1417432E+01 .1182819E+01 .5934556E+00 .1298716E+01
.4843579E-02 .5540652E-01 .2079392E+00 .3662669E+00 .4613505E+00 .2648319E+00 .3253780E+00 .9026359E+00
.2578399E-01 .9709970E-01 .1946861E+00 .2745915E+00 .3478581E+00 .4154381E+00 .5955220E+00 .7290199E+00
.3848216E+00 .3215547E+00 .9931437E+00 .1640220E+01 .2050631E+01 .1512554E+01 .1047412E+01 .2085920E+01
.1729214E-01 .1764358E+00 .5478199E+00 .8234759E+00 .8424374E+00 .4444971E+00 .6744277E+00 .1553227E+01
.5001145E-01 .1943267E+00 .4169279E+00 .5516394E+00 .6056716E+00 .6643108E+00 .7399546E+00 .8248197E+00
.5753166E+00 .6868328E+00 .1878899E+01 .2453993E+01 .2570503E+01 .1811162E+01 .1682761E+01 .2881556E+01
.5803783E-01 .4569428E+00 .1207145E+01 .1432014E+01 .1213608E+01 .6508814E+00 .1183536E+01 .2196870E+01
.9886567E-01 .3960025E+00 .6419378E+00 .6801018E+00 .7369833E+00 .7875562E+00 .8328667E+00 .8739888E+00
.8677037E+00 .1346730E+01 .2803832E+01 .3067723E+01 .2791326E+01 .2030214E+01 .2398864E+01 .3185478E+01
.1675111E+00 .1009248E+01 .1926399E+01 .1851946E+01 .1373431E+01 .8275051E+00 .1762885E+01 .2344626E+01
.2028945E+00 .5982092E+00 .7463573E+00 .7838516E+00 .8180158E+00 .8584587E+00 .8818030E+00 .8915566E+00
.1272967E+01 .2205905E+01 .3377896E+01 .3082922E+01 .2675628E+01 .2158025E+01 .2872689E+01 .2694827E+01
.3758694E+00 .1731247E+01 .2318929E+01 .1745613E+01 .1283682E+01 .9528598E+00 .2090016E+01 .1714546E+01
.4031924E+00 .7268527E+00 .8064833E+00 .8310873E+00 .8594229E+00 .8983922E+00 .9080724E+00 .8829886E+00
.1757530E+01 .2971681E+01 .3073252E+01 .2613705E+01 .2495113E+01 .2219247E+01 .2757807E+01 .2250042E+01
.6762565E+00 .2348528E+01 .1874876E+01 .1264951E+01 .1175995E+01 .1036673E+01 .1836172E+01 .1177973E+01
.6038256E+00 .7933804E+00 .8226624E+00 .8552395E+00 .8881440E+00 .9210462E+00 .9103657E+00 .8943931E+00
.2218039E+01 .3133269E+01 .2422958E+01 .2438022E+01 .2407552E+01 .2239127E+01 .2399430E+01 .2341763E+01
.1008891E+01 .2362623E+01 .1164561E+01 .1153177E+01 .1175881E+01 .1090987E+01 .1369695E+01 .1239858E+01
.7370966E+00 .8115168E+00 .8353351E+00 .9008250E+00 .9085324E+00 .9347558E+00 .9146007E+00 .9456801E+00
.2529340E+01 .2733983E+01 .2448524E+01 .2389587E+01 .2333200E+01 .2223974E+01 .2296882E+01 .2218431E+01
.1253417E+01 .1836949E+01 .1222982E+01 .1189504E+01 .1177996E+01 .1113844E+01 .1209215E+01 .1131738E+01
.8150795E+00 .8054162E+00 .9129622E+00 .9227651E+00 .9181149E+00 .9429513E+00 .9449616E+00 .9601747E+00
.2607109E+01 .2483272E+01 .2331132E+01 .2306876E+01 .2272416E+01 .2190329E+01 .2231524E+01 .2185999E+01
.1319649E+01 .1491487E+01 .1170783E+01 .1176242E+01 .1178160E+01 .1117130E+01 .1135988E+01 .1122712E+01
.8574374E+00 .8434316E+00 .9292637E+00 .9283673E+00 .9239634E+00 .9480447E+00 .9649038E+00 .9662054E+00
.2499082E+01 .2363058E+01 .2281488E+01 .2246933E+01 .2222399E+01 .2160840E+01 .2184367E+01 .2149389E+01
.1240312E+01 .1323859E+01 .1172536E+01 .1170685E+01 .1176336E+01 .1120982E+01 .1107081E+01 .1110887E+01
.8848185E+00 .8976126E+00 .9374858E+00 .9328706E+00 .9277298E+00 .9514461E+00 .9731510E+00 .9695181E+00
.9415538E-02 .3083781E-02 .7931953E-02 .1451776E-01 .2974721E-01 .3986527E-01 .8469626E-02 .1085397E-01
.1043519E-07 .1206566E-06 .4871108E-06 .9893916E-06 .1677481E-05 .1493038E-05 .1902292E-05 .8783525E-05
.3680458E-04 .1402510E-03 .2709591E-03 .3584713E-03 .4258749E-03 .5004807E-03 .8448236E-03 .1611849E-02
.1305970E-01 .4278876E-02 .1101038E-01 .2015832E-01 .4131051E-01 .5533555E-01 .1176690E-01 .1511624E-01
.3861029E-07 .4464523E-06 .1802528E-05 .3661520E-05 .6208021E-05 .5522663E-05 .7034349E-05 .3247102E-04
.7079437E-04 .2697639E-03 .5211484E-03 .6894359E-03 .8190425E-03 .9626556E-03 .1624836E-02 .3099453E-02
.1811573E-01 .5939863E-02 .1529669E-01 .2802228E-01 .5743947E-01 .7686705E-01 .1637775E-01 .2115129E-01
.1428576E-06 .1652025E-05 .6670835E-05 .1355287E-04 .2297839E-04 .2042141E-04 .2599686E-04 .1199325E-03
.1361730E-03 .5188476E-03 .1002258E-02 .1325804E-02 .1574953E-02 .1851611E-02 .3124680E-02 .5958492E-02
.2513303E-01 .8253571E-02 .2128911E-01 .3904373E-01 .8005948E-01 .1069284E+00 .2288419E-01 .2990093E-01
.5285657E-06 .6113500E-05 .2469208E-04 .5018078E-04 .8507435E-04 .7545906E-04 .9596481E-04 .4421306E-03
.2619239E-03 .9978252E-03 .1927192E-02 .2548988E-02 .3027769E-02 .3561554E-02 .6007898E-02 .1145047E-01
.3487882E-01 .1149211E-01 .2973806E-01 .5465576E-01 .1121209E+00 .1491401E+00 .3224360E-01 .4322087E-01
.1955615E-05 .2262665E-04 .9142695E-04 .1858984E-03 .3150840E-03 .2783702E-03 .3533863E-03 .1622868E-02
.5037838E-03 .1918634E-02 .3704584E-02 .4898803E-02 .5818568E-02 .6851829E-02 .1154860E-01 .2199605E-01
.4843128E-01 .1607302E-01 .4186371E-01 .7725185E-01 .1584990E+00 .2090119E+00 .4624840E-01 .6540979E-01
.7235029E-05 .8376177E-04 .3387003E-03 .6892360E-03 .1167184E-02 .1022905E-02 .1294479E-02 .5893641E-02
.9689196E-03 .3687984E-02 .7117538E-02 .9409188E-02 .1117687E-01 .1319084E-01 .2219508E-01 .4227093E-01
.6732356E-01 .2270262E-01 .5991387E-01 .1113719E+00 .2281419E+00 .2952995E+00 .6880216E-01 .1074704E+00
.2676264E-04 .3101756E-03 .1255607E-02 .2557699E-02 .4319186E-02 .3722631E-02 .4684059E-02 .2079917E-01
.1863334E-02 .7085013E-02 .1366396E-01 .1805917E-01 .2146905E-01 .2545146E-01 .4268378E-01 .8159060E-01
.9378334E-01 .3277377E-01 .8876155E-01 .1670252E+00 .3393867E+00 .4221341E+00 .1093152E+00 .1957831E+00
.9895621E-04 .1148879E-02 .4655959E-02 .9486556E-02 .1587940E-01 .1321677E-01 .1643615E-01 .6786416E-01
.3582932E-02 .1359889E-01 .2620865E-01 .3465838E-01 .4133420E-01 .4943441E-01 .8244296E-01 .1602948E+00
.1311706E+00 .4958339E-01 .1407364E+00 .2691121E+00 .5316303E+00 .6096821E+00 .1890982E+00 .3749508E+00
.3655101E-03 .4251897E-02 .1720980E-01 .3487476E-01 .5680166E-01 .4400889E-01 .5317608E-01 .1870736E+00
.6888830E-02 .2607349E-01 .5029330E-01 .6678289E-01 .8047205E-01 .9771005E-01 .1618795E+00 .3244872E+00
.1848552E+00 .8218527E-01 .2495601E+00 .4795247E+00 .8754765E+00 .8715966E+00 .3398243E+00 .7120672E+00
.1346247E-02 .1563517E-01 .6235258E-01 .1225284E+00 .1842564E+00 .1253267E+00 .1430468E+00 .4328880E+00
.1324811E-01 .4999881E-01 .9727389E-01 .1313323E+00 .1625191E+00 .2000342E+00 .3281006E+00 .5886525E+00
.2640647E+00 .1564811E+00 .4967616E+00 .9075281E+00 .1414568E+01 .1187028E+01 .6087810E+00 .1299235E+01
.4919940E-02 .5575062E-01 .2071883E+00 .3653327E+00 .4615873E+00 .2684185E+00 .3249247E+00 .9045550E+00
.2551853E-01 .9662237E-01 .1949254E+00 .2748790E+00 .3477573E+00 .4112263E+00 .5903229E+00 .7292461E+00
.3855150E+00 .3327485E+00 .9955367E+00 .1638362E+01 .2050712E+01 .1521026E+01 .1061869E+01 .2086249E+01
.1759081E-01 .1772101E+00 .5440609E+00 .8211338E+00 .8451459E+00 .4519387E+00 .6695927E+00 .1555498E+01
.4945523E-01 .1933228E+00 .4177254E+00 .5520716E+00 .6049353E+00 .6600752E+00 .7362457E+00 .8244852E+00
.5777778E+00 .7025869E+00 .1875296E+01 .2450978E+01 .2574598E+01 .1823272E+01 .1685847E+01 .2881280E+01
.5918865E-01 .4568752E+00 .1196144E+01 .1428618E+01 .1219278E+01 .6609084E+00 .1167029E+01 .2198349E+01
.9762993E-01 .3938886E+00 .6422853E+00 .6798810E+00 .7372330E+00 .7887641E+00 .8268163E+00 .8741081E+00
.8742963E+00 .1361611E+01 .2790038E+01 .3065837E+01 .2795444E+01 .2040557E+01 .2383771E+01 .3184567E+01
.1713799E+00 .1002074E+01 .1905241E+01 .1849689E+01 .1377724E+01 .8362321E+00 .1730620E+01 .2345459E+01
.2000600E+00 .5949619E+00 .7445184E+00 .7838686E+00 .8187567E+00 .8587932E+00 .8774442E+00 .8914303E+00
.1285575E+01 .2205671E+01 .3366834E+01 .3084880E+01 .2675263E+01 .2162215E+01 .2852037E+01 .2698219E+01
.3850177E+00 .1703846E+01 .2301417E+01 .1747070E+01 .1283647E+01 .9563181E+00 .2056946E+01 .1719317E+01
.3986658E+00 .7233529E+00 .8060395E+00 .8314467E+00 .8592042E+00 .8979842E+00 .9059114E+00 .8833036E+00
.1774484E+01 .2952139E+01 .3081664E+01 .2615562E+01 .2493874E+01 .2217857E+01 .2755619E+01 .2248037E+01
.6895050E+00 .2301498E+01 .1878636E+01 .1266687E+01 .1174712E+01 .1034863E+01 .1826414E+01 .1176946E+01
.6029357E+00 .7880898E+00 .8234226E+00 .8553680E+00 .8881235E+00 .9209074E+00 .9098560E+00 .8941353E+00
.2230102E+01 .3118557E+01 .2430211E+01 .2436397E+01 .2408008E+01 .2237295E+01 .2404484E+01 .2342379E+01
.1017784E+01 .2324224E+01 .1168908E+01 .1151501E+01 .1176321E+01 .1089018E+01 .1371044E+01 .1241014E+01
.7372475E+00 .8077457E+00 .8369402E+00 .9006032E+00 .9085983E+00 .9347139E+00 .9143313E+00 .9456793E+00
.2528058E+01 .2736862E+01 .2440305E+01 .2390447E+01 .2333106E+01 .2223849E+01 .2297193E+01 .2216337E+01
.1250860E+01 .1821711E+01 .1213681E+01 .1190368E+01 .1177901E+01 .1113704E+01 .1208097E+01 .1129838E+01
.8139474E+00 .8043114E+00 .9122276E+00 .9227776E+00 .9181074E+00 .9429333E+00 .9447245E+00 .9600675E+00
.2599827E+01 .2486470E+01 .2334768E+01 .2306646E+01 .2272411E+01 .2190491E+01 .2231144E+01 .2186522E+01
.1312076E+01 .1482846E+01 .1173972E+01 .1176001E+01 .1178155E+01 .1117288E+01 .1135225E+01 .1123267E+01
.8565380E+00 .8417462E+00 .9296453E+00 .9283696E+00 .9239638E+00 .9480504E+00 .9648231E+00 .9662044E+00
.2497465E+01 .2362060E+01 .2282666E+01 .2246857E+01 .2222398E+01 .2160807E+01 .2184528E+01 .2149318E+01
.1238748E+01 .1316078E+01 .1173659E+01 .1170607E+01 .1176335E+01 .1120950E+01 .1107183E+01 .1110811E+01
.8844710E+00 .8966957E+00 .9375374E+00 .9328694E+00 .9277298E+00 .9514442E+00 .9731321E+00 .9695067E+00
.9400910E-02 .3356102E-02 .8109178E-02 .1454507E-01 .2953676E-01 .3959635E-01 .9207496E-02 .1078488E-01
.1065646E-07 .1218315E-06 .4864884E-06 .9875237E-06 .1671337E-05 .1498243E-05 .1920428E-05 .8801610E-05
.3634137E-04 .1394158E-03 .2711183E-03 .3587546E-03 .4263863E-03 .4965927E-03 .8379352E-03 .1611282E-02
.1303945E-01 .4656756E-02 .1125638E-01 .2019619E-01 .4101817E-01 .5496312E-01 .1279211E-01 .1502015E-01
.3942911E-07 .4508007E-06 .1800221E-05 .3654599E-05 .6185273E-05 .5542020E-05 .7101425E-05 .3253836E-04
.6990325E-04 .2681569E-03 .5214551E-03 .6899814E-03 .8200262E-03 .9551632E-03 .1611573E-02 .3098351E-02
.1808771E-01 .6464466E-02 .1563838E-01 .2807480E-01 .5703280E-01 .7635203E-01 .1780454E-01 .2101737E-01
.1458882E-06 .1668122E-05 .6662267E-05 .1352718E-04 .2289415E-04 .2049373E-04 .2624479E-04 .1201847E-03
.1344585E-03 .5157551E-03 .1002850E-02 .1326856E-02 .1576846E-02 .1837148E-02 .3099119E-02 .5956328E-02
.2509438E-01 .8982535E-02 .2176438E-01 .3911655E-01 .7949225E-01 .1062185E+00 .2487607E-01 .2971371E-01
.5397852E-06 .6173123E-05 .2466015E-04 .5008523E-04 .8476220E-04 .7573166E-04 .9687997E-04 .4430852E-03
.2586241E-03 .9918708E-03 .1928337E-02 .2551020E-02 .3031409E-02 .3533546E-02 .5958552E-02 .1144614E-01
.3482580E-01 .1250684E-01 .3040083E-01 .5475663E-01 .1113258E+00 .1481682E+00 .3504072E-01 .4295823E-01
.1997172E-05 .2284767E-04 .9130714E-04 .1855412E-03 .3139267E-03 .2794152E-03 .3567527E-03 .1626549E-02
.4974303E-03 .1907159E-02 .3706809E-02 .4902744E-02 .5825566E-02 .6797252E-02 .1145303E-01 .2198708E-01
.4835930E-01 .1749038E-01 .4279231E-01 .7739107E-01 .1573743E+00 .2077023E+00 .5021843E-01 .6504182E-01
.7389111E-05 .8458220E-04 .3382443E-03 .6878879E-03 .1162894E-02 .1027036E-02 .1306752E-02 .5908235E-02
.9566750E-03 .3665835E-02 .7121908E-02 .9416892E-02 .1119032E-01 .1308324E-01 .2200893E-01 .4225122E-01
.6722802E-01 .2469549E-01 .6122590E-01 .1115619E+00 .2265266E+00 .2936018E+00 .7454065E-01 .1069687E+00
.2733498E-04 .3132279E-03 .1253823E-02 .2552525E-02 .4303356E-02 .3739823E-02 .4727752E-02 .2085835E-01
.1839695E-02 .7042125E-02 .1367271E-01 .1807446E-01 .2149478E-01 .2523462E-01 .4231757E-01 .8154301E-01
.9366274E-01 .3561162E-01 .9064159E-01 .1672751E+00 .3370157E+00 .4201541E+00 .1178299E+00 .1951722E+00
.1010895E-03 .1160266E-02 .4648581E-02 .9466112E-02 .1582235E-01 .1329370E-01 .1658181E-01 .6808992E-01
.3537143E-02 .1351536E-01 .2622684E-01 .3468955E-01 .4138281E-01 .4897978E-01 .8171119E-01 .1601688E+00
.1310369E+00 .5372194E-01 .1434834E+00 .2693975E+00 .5281043E+00 .6080938E+00 .2019651E+00 .3743711E+00
.3735101E-03 .4294398E-02 .1717605E-01 .3479048E-01 .5661513E-01 .4437489E-01 .5358171E-01 .1877189E+00
.6799574E-02 .2590909E-01 .5033391E-01 .6684976E-01 .8055899E-01 .9669176E-01 .1603885E+00 .3242563E+00
.1847660E+00 .8847836E-01 .2536062E+00 .4796544E+00 .8706212E+00 .8724609E+00 .3583749E+00 .7118040E+00
.1376565E-02 .1579133E-01 .6217247E-01 .1221707E+00 .1838516E+00 .1269789E+00 .1437592E+00 .4342667E+00
.1307205E-01 .4966944E-01 .9737711E-01 .1314886E+00 .1626354E+00 .1975585E+00 .3249336E+00 .5890908E+00
.2642225E+00 .1666202E+00 .5021290E+00 .9067789E+00 .1410177E+01 .1193472E+01 .6314378E+00 .1299991E+01
.5036674E-02 .5627474E-01 .2061046E+00 .3639734E+00 .4618739E+00 .2739290E+00 .3247703E+00 .9074405E+00
.2516364E-01 .9594550E-01 .1952476E+00 .2752730E+00 .3476255E+00 .4055014E+00 .5828111E+00 .7294513E+00
.3865608E+00 .3493448E+00 .9991210E+00 .1635648E+01 .2050594E+01 .1534421E+01 .1082329E+01 .2086819E+01
.1804746E-01 .1784012E+00 .5387146E+00 .8177346E+00 .8489941E+00 .4635812E+00 .6633059E+00 .1558916E+01
.4871238E-01 .1919129E+00 .4187855E+00 .5526517E+00 .6039398E+00 .6539160E+00 .7296361E+00 .8240933E+00
.5815150E+00 .7258255E+00 .1870064E+01 .2446570E+01 .2580563E+01 .1842332E+01 .1688950E+01 .2880540E+01
.6094812E-01 .4569060E+00 .1180376E+01 .1423633E+01 .1227791E+01 .6769329E+00 .1145197E+01 .2200420E+01
.9598526E-01 .3909472E+00 .6427516E+00 .6796344E+00 .7374100E+00 .7890504E+00 .8175652E+00 .8741192E+00
.8843673E+00 .1382947E+01 .2771183E+01 .3062865E+01 .2802057E+01 .2056013E+01 .2361415E+01 .3182919E+01
.1772847E+00 .9915729E+00 .1876148E+01 .1846219E+01 .1384790E+01 .8492670E+00 .1686388E+01 .2346437E+01
.1963157E+00 .5904237E+00 .7423440E+00 .7838406E+00 .8197505E+00 .8598075E+00 .8721670E+00 .8912435E+00
.1304948E+01 .2205392E+01 .3349250E+01 .3087589E+01 .2674980E+01 .2166991E+01 .2823356E+01 .2703536E+01
.3989212E+00 .1667017E+01 .2275282E+01 .1749092E+01 .1283796E+01 .9602282E+00 .2012903E+01 .1726760E+01
.3926003E+00 .7178628E+00 .8048906E+00 .8320006E+00 .8589602E+00 .8972016E+00 .9031913E+00 .8838342E+00
.1799798E+01 .2924031E+01 .3092316E+01 .2618522E+01 .2491716E+01 .2215092E+01 .2753302E+01 .2245532E+01
.7092745E+00 .2237473E+01 .1882368E+01 .1269482E+01 .1172472E+01 .1031510E+01 .1815160E+01 .1175931E+01
.6008487E+00 .7809201E+00 .8251230E+00 .8555487E+00 .8881305E+00 .9208252E+00 .9091827E+00 .8939647E+00
.2246520E+01 .3097108E+01 .2442497E+01 .2434053E+01 .2408776E+01 .2235163E+01 .2411294E+01 .2342411E+01
.1030080E+01 .2271796E+01 .1178011E+01 .1148985E+01 .1177090E+01 .1086719E+01 .1373482E+01 .1241906E+01
.7370219E+00 .8034857E+00 .8385715E+00 .9004592E+00 .9086770E+00 .9346660E+00 .9140889E+00 .9456436E+00
.2525280E+01 .2741087E+01 .2428233E+01 .2391646E+01 .2332930E+01 .2223636E+01 .2297585E+01 .2213899E+01
.1246497E+01 .1803474E+01 .1200575E+01 .1191517E+01 .1177718E+01 .1113452E+01 .1206853E+01 .1127715E+01
.8124724E+00 .8040837E+00 .9106014E+00 .9228801E+00 .9181071E+00 .9429424E+00 .9443389E+00 .9599561E+00
.2589895E+01 .2490571E+01 .2340716E+01 .2306202E+01 .2272406E+01 .2190709E+01 .2230520E+01 .2187951E+01
.1301887E+01 .1472484E+01 .1179529E+01 .1175567E+01 .1178151E+01 .1117503E+01 .1134178E+01 .1124764E+01
.8552611E+00 .8404109E+00 .9299845E+00 .9283229E+00 .9239622E+00 .9480535E+00 .9646544E+00 .9662093E+00
.2495197E+01 .2360320E+01 .2283495E+01 .2246725E+01 .2222398E+01 .2160767E+01 .2184641E+01 .2149602E+01
.1236703E+01 .1306255E+01 .1174439E+01 .1170478E+01 .1176335E+01 .1120909E+01 .1107230E+01 .1111091E+01
.8838760E+00 .8955689E+00 .9375176E+00 .9328570E+00 .9277298E+00 .9514457E+00 .9731019E+00 .9695059E+00
.9379955E-02 .3734921E-02 .8356842E-02 .1458321E-01 .2924325E-01 .3922110E-01 .1023570E-01 .1068845E-01
.1097575E-07 .1235270E-06 .4856542E-06 .9849239E-06 .1662854E-05 .1506609E-05 .1948568E-05 .8827093E-05
.3578472E-04 .1383144E-03 .2712936E-03 .3591161E-03 .4270530E-03 .4917335E-03 .8289938E-03 .1610590E-02
.1301042E-01 .5182417E-02 .1160014E-01 .2024908E-01 .4061047E-01 .5444341E-01 .1422074E-01 .1488605E-01
.4061067E-07 .4570759E-06 .1797129E-05 .3644965E-05 .6153873E-05 .5573108E-05 .7205522E-05 .3263324E-04
.6883235E-04 .2660378E-03 .5217928E-03 .6906776E-03 .8213087E-03 .9457990E-03 .1594357E-02 .3097005E-02
.1804757E-01 .7194239E-02 .1611586E-01 .2814816E-01 .5646568E-01 .7563331E-01 .1979287E-01 .2083049E-01
.1502613E-06 .1691353E-05 .6650784E-05 .1349144E-04 .2277786E-04 .2060973E-04 .2662975E-04 .1205399E-03
.1323980E-03 .5116766E-03 .1003501E-02 .1328198E-02 .1579312E-02 .1819071E-02 .3065940E-02 .5953681E-02
.2503901E-01 .9996610E-02 .2242849E-01 .3921826E-01 .7870126E-01 .1052276E+00 .2765215E-01 .2945249E-01
.5559751E-06 .6259163E-05 .2461736E-04 .4995228E-04 .8433134E-04 .7616789E-04 .9830228E-04 .4444288E-03
.2546586E-03 .9840182E-03 .1929598E-02 .2553614E-02 .3036153E-02 .3498537E-02 .5894506E-02 .1144083E-01
.3474980E-01 .1391849E-01 .3132682E-01 .5489751E-01 .1102171E+00 .1468113E+00 .3893966E-01 .4259186E-01
.2057141E-05 .2316659E-04 .9114656E-04 .1850443E-03 .3123292E-03 .2810800E-03 .3619947E-03 .1631723E-02
.4897948E-03 .1892026E-02 .3709264E-02 .4907775E-02 .5834690E-02 .6729030E-02 .1132902E-01 .2197607E-01
.4825610E-01 .1946226E-01 .4408941E-01 .7758551E-01 .1558065E+00 .2058729E+00 .5575372E-01 .6452876E-01
.7611456E-05 .8576601E-04 .3376332E-03 .6860139E-03 .1156973E-02 .1033563E-02 .1325939E-02 .5928701E-02
.9419595E-03 .3636625E-02 .7126743E-02 .9426727E-02 .1120784E-01 .1294872E-01 .2176749E-01 .4222694E-01
.6709090E-01 .2746834E-01 .6305781E-01 .1118273E+00 .2242757E+00 .2912276E+00 .8254445E-01 .1062695E+00
.2816090E-04 .3176317E-03 .1251430E-02 .2545341E-02 .4281515E-02 .3766623E-02 .4796645E-02 .2094101E-01
.1811284E-02 .6985566E-02 .1368245E-01 .1809397E-01 .2152830E-01 .2496351E-01 .4184308E-01 .8148422E-01
.9348931E-01 .3956082E-01 .9326426E-01 .1676242E+00 .3337137E+00 .4173794E+00 .1297079E+00 .1943209E+00
.1041679E-03 .1176691E-02 .4638681E-02 .9437792E-02 .1574365E-01 .1341126E-01 .1681615E-01 .6840349E-01
.3482108E-02 .1340523E-01 .2624728E-01 .3472933E-01 .4144598E-01 .4841152E-01 .8076527E-01 .1600136E+00
.1308436E+00 .5948246E-01 .1473086E+00 .2697969E+00 .5231943E+00 .6058581E+00 .2198983E+00 .3735644E+00
.3850551E-03 .4355684E-02 .1713070E-01 .3467423E-01 .5635733E-01 .4492124E-01 .5427014E-01 .1886161E+00
.6692288E-02 .2569247E-01 .5038040E-01 .6693505E-01 .8067133E-01 .9542173E-01 .1584683E+00 .3239781E+00
.1846335E+00 .9723789E-01 .2592206E+00 .4798430E+00 .8638337E+00 .8736770E+00 .3841371E+00 .7114900E+00
.1420320E-02 .1601644E-01 .6193050E-01 .1216811E+00 .1832836E+00 .1293976E+00 .1451838E+00 .4362517E+00
.1286042E-01 .4923620E-01 .9749869E-01 .1316870E+00 .1627835E+00 .1944947E+00 .3208424E+00 .5895886E+00
.2644368E+00 .1807146E+00 .5095377E+00 .9057764E+00 .1403866E+01 .1202734E+01 .6626188E+00 .1300996E+01
.5205153E-02 .5703147E-01 .2046585E+00 .3621335E+00 .4621800E+00 .2819288E+00 .3254942E+00 .9114763E+00
.2473720E-01 .9505948E-01 .1956378E+00 .2757664E+00 .3474644E+00 .3985176E+00 .5730331E+00 .7295637E+00
.3880331E+00 .3723077E+00 .1004177E+01 .1631954E+01 .2050054E+01 .1554201E+01 .1109197E+01 .2087714E+01
.1870655E-01 .1801593E+00 .5317014E+00 .8131463E+00 .8540753E+00 .4806571E+00 .6558391E+00 .1563728E+01
.4782123E-01 .1900876E+00 .4200514E+00 .5533588E+00 .6027130E+00 .6461161E+00 .7205509E+00 .8237107E+00
.5868265E+00 .7577892E+00 .1863099E+01 .2440562E+01 .2588616E+01 .1869918E+01 .1691936E+01 .2879124E+01
.6348604E-01 .4573198E+00 .1159439E+01 .1416807E+01 .1239677E+01 .7004685E+00 .1117237E+01 .2203146E+01
.9402367E-01 .3872001E+00 .6433444E+00 .6794171E+00 .7374057E+00 .7881880E+00 .8074617E+00 .8739299E+00
.8987632E+00 .1411563E+01 .2747259E+01 .3058489E+01 .2811950E+01 .2077330E+01 .2331370E+01 .3180347E+01
.1857663E+00 .9776833E+00 .1838764E+01 .1841199E+01 .1395661E+01 .8673248E+00 .1630932E+01 .2347573E+01
.1919132E+00 .5849152E+00 .7401984E+00 .7837572E+00 .8208865E+00 .8615082E+00 .8651351E+00 .8910483E+00
.1332656E+01 .2205316E+01 .3323731E+01 .3090905E+01 .2675137E+01 .2172021E+01 .2785839E+01 .2711296E+01
.4186730E+00 .1620388E+01 .2239061E+01 .1751582E+01 .1284406E+01 .9640122E+00 .1957174E+01 .1737765E+01
.3854523E+00 .7110537E+00 .8029917E+00 .8327151E+00 .8588589E+00 .8964506E+00 .8997628E+00 .8844625E+00
.1834552E+01 .2886602E+01 .3104065E+01 .2622921E+01 .2488219E+01 .2210786E+01 .2750133E+01 .2243205E+01
.7365323E+00 .2155917E+01 .1884999E+01 .1273541E+01 .1169003E+01 .1026531E+01 .1801632E+01 .1175942E+01
.5973968E+00 .7724978E+00 .8276475E+00 .8559614E+00 .8879590E+00 .9206326E+00 .9084295E+00 .8936510E+00
.2267499E+01 .3067540E+01 .2461387E+01 .2430966E+01 .2409963E+01 .2232864E+01 .2420003E+01 .2340852E+01
.1045994E+01 .2204715E+01 .1193611E+01 .1145612E+01 .1178342E+01 .1084303E+01 .1377052E+01 .1241597E+01
.7365447E+00 .7987516E+00 .8400352E+00 .9004170E+00 .9086991E+00 .9344847E+00 .9139645E+00 .9456312E+00
.2521169E+01 .2746485E+01 .2411786E+01 .2393105E+01 .2332630E+01 .2223217E+01 .2298103E+01 .2211907E+01
.1240329E+01 .1781983E+01 .1182659E+01 .1192884E+01 .1177426E+01 .1113001E+01 .1205429E+01 .1126245E+01
.8109247E+00 .8048339E+00 .9086495E+00 .9230702E+00 .9180783E+00 .9429266E+00 .9439194E+00 .9598119E+00
.2577240E+01 .2495105E+01 .2349500E+01 .2305459E+01 .2272408E+01 .2190993E+01 .2229547E+01 .2190819E+01
.1289112E+01 .1459558E+01 .1188008E+01 .1174818E+01 .1178152E+01 .1117789E+01 .1132682E+01 .1127729E+01
.8534832E+00 .8401834E+00 .9301714E+00 .9282782E+00 .9239636E+00 .9480489E+00 .9645109E+00 .9662797E+00
.2491877E+01 .2358706E+01 .2283082E+01 .2246544E+01 .2222397E+01 .2160724E+01 .2184603E+01 .2150548E+01
.1233870E+01 .1295014E+01 .1173833E+01 .1170291E+01 .1176334E+01 .1120868E+01 .1107131E+01 .1112033E+01
.8829287E+00 .8947253E+00 .9376598E+00 .9328557E+00 .9277298E+00 .9514405E+00 .9730430E+00 .9695201E+00
.9351106E-02 .4236792E-02 .8687007E-02 .1463401E-01 .2885305E-01 .3872188E-01 .1160108E-01 .1056014E-01
.1141931E-07 .1258836E-06 .4846066E-06 .9814766E-06 .1651735E-05 .1519711E-05 .1991114E-05 .8861447E-05
.3517994E-04 .1369522E-03 .2714524E-03 .3595446E-03 .4278662E-03 .4861405E-03 .8181540E-03 .1609824E-02
.1297047E-01 .5878833E-02 .1205840E-01 .2031955E-01 .4006846E-01 .5375198E-01 .1611793E-01 .1470761E-01
.4225211E-07 .4657978E-06 .1793246E-05 .3632193E-05 .6112713E-05 .5621771E-05 .7362956E-05 .3276111E-04
.6766886E-04 .2634168E-03 .5220990E-03 .6915030E-03 .8228729E-03 .9350205E-03 .1573486E-02 .3095514E-02
.1799230E-01 .8161079E-02 .1675236E-01 .2824589E-01 .5571175E-01 .7467699E-01 .2243348E-01 .2058185E-01
.1563365E-06 .1723641E-05 .6636364E-05 .1344405E-04 .2262544E-04 .2079110E-04 .2721224E-04 .1210185E-03
.1301593E-03 .5066326E-03 .1004093E-02 .1329789E-02 .1582321E-02 .1798264E-02 .3025720E-02 .5950747E-02
.2496275E-01 .1134013E-01 .2331371E-01 .3935376E-01 .7764981E-01 .1039089E+00 .3133928E-01 .2910497E-01
.5784663E-06 .6378747E-05 .2456363E-04 .4977605E-04 .8376661E-04 .7684838E-04 .1004566E-03 .4462374E-03
.2503502E-03 .9743063E-03 .1930744E-02 .2556688E-02 .3041940E-02 .3458236E-02 .5816872E-02 .1143494E-01
.3464511E-01 .1578881E-01 .3256097E-01 .5508517E-01 .1087436E+00 .1450049E+00 .4411905E-01 .4210460E-01
.2140450E-05 .2360985E-04 .9094487E-04 .1843859E-03 .3102358E-03 .2836659E-03 .3699503E-03 .1638678E-02
.4814987E-03 .1873310E-02 .3711503E-02 .4913739E-02 .5845815E-02 .6650479E-02 .1117873E-01 .2196379E-01
.4811382E-01 .2207501E-01 .4581774E-01 .7784451E-01 .1537232E+00 .2034357E+00 .6310892E-01 .6384678E-01
.7920344E-05 .8741129E-04 .3368654E-03 .6835329E-03 .1149215E-02 .1043622E-02 .1355179E-02 .5956137E-02
.9259701E-03 .3600497E-02 .7131178E-02 .9438389E-02 .1122919E-01 .1279379E-01 .2147505E-01 .4219967E-01
.6690162E-01 .3114278E-01 .6549753E-01 .1121808E+00 .2212863E+00 .2880610E+00 .9318347E-01 .1053410E+00
.2930829E-04 .3237518E-03 .1248422E-02 .2535844E-02 .4252909E-02 .3807353E-02 .4902549E-02 .2105131E-01
.1780411E-02 .6915615E-02 .1369148E-01 .1811711E-01 .2156910E-01 .2465118E-01 .4126913E-01 .8141779E-01
.9324917E-01 .4479504E-01 .9675364E-01 .1680892E+00 .3293312E+00 .4136702E+00 .1454978E+00 .1931905E+00
.1084446E-03 .1199518E-02 .4626216E-02 .9400454E-02 .1564059E-01 .1358620E-01 .1718347E-01 .6881902E-01
.3422295E-02 .1326904E-01 .2626669E-01 .3477654E-01 .4152263E-01 .4775704E-01 .7962463E-01 .1598388E+00
.1305738E+00 .6711898E-01 .1523876E+00 .2703303E+00 .5166799E+00 .6028568E+00 .2437027E+00 .3724937E+00
.4010944E-03 .4440853E-02 .1707347E-01 .3452172E-01 .5601939E-01 .4571347E-01 .5540030E-01 .1898046E+00
.6575663E-02 .2542477E-01 .5042625E-01 .6703620E-01 .8080635E-01 .9396342E-01 .1561662E+00 .3236753E+00
.1844417E+00 .1088491E+00 .2666454E+00 .4801062E+00 .8547903E+00 .8753191E+00 .4181578E+00 .7111359E+00
.1481110E-02 .1632945E-01 .6162478E-01 .1210445E+00 .1825289E+00 .1328232E+00 .1477930E+00 .4389676E+00
.1263034E-01 .4870192E-01 .9762526E-01 .1319214E+00 .1629566E+00 .1910194E+00 .3159475E+00 .5901045E+00
.2647076E+00 .1993655E+00 .5192839E+00 .9045090E+00 .1395212E+01 .1215449E+01 .7033349E+00 .1302241E+01
.5439233E-02 .5808782E-01 .2028435E+00 .3597729E+00 .4624673E+00 .2930968E+00 .3278699E+00 .9168294E+00
.2427367E-01 .9397319E-01 .1960653E+00 .2763381E+00 .3472749E+00 .3908376E+00 .5616507E+00 .7295242E+00
.3900023E+00 .4025214E+00 .1011029E+01 .1627188E+01 .2048794E+01 .1581868E+01 .1142742E+01 .2089023E+01
.1962214E-01 .1826931E+00 .5230623E+00 .8072753E+00 .8604300E+00 .5044540E+00 .6474818E+00 .1570197E+01
.4685477E-01 .1878810E+00 .4214175E+00 .5541520E+00 .6013207E+00 .6376663E+00 .7109724E+00 .8233928E+00
.5940208E+00 .7995773E+00 .1854464E+01 .2432779E+01 .2598842E+01 .1907461E+01 .1695084E+01 .2876854E+01
.6700646E-01 .4586016E+00 .1133184E+01 .1407919E+01 .1255351E+01 .7328754E+00 .1082670E+01 .2206595E+01
.9191530E-01 .3828079E+00 .6440939E+00 .6793049E+00 .7371295E+00 .7864964E+00 .7990488E+00 .8734837E+00
.9183516E+00 .1448235E+01 .2718403E+01 .3052379E+01 .2825977E+01 .2104985E+01 .2294176E+01 .3176600E+01
.1974408E+00 .9607873E+00 .1792844E+01 .1834264E+01 .1411530E+01 .8911188E+00 .1564808E+01 .2348939E+01
.1873013E+00 .5792652E+00 .7385678E+00 .7836395E+00 .8219609E+00 .8631365E+00 .8565167E+00 .8908351E+00
.1370149E+01 .2206027E+01 .3289394E+01 .3094461E+01 .2676344E+01 .2176788E+01 .2739269E+01 .2721697E+01
.4453332E+00 .1563785E+01 .2191766E+01 .1754275E+01 .1286025E+01 .9669978E+00 .1889697E+01 .1752918E+01
.3781315E+00 .7045074E+00 .8005641E+00 .8334795E+00 .8591144E+00 .8961040E+00 .8953273E+00 .8849612E+00
.1879408E+01 .2840059E+01 .3114553E+01 .2629150E+01 .2482889E+01 .2204929E+01 .2744682E+01 .2242111E+01
.7719569E+00 .2057204E+01 .1884767E+01 .1279104E+01 .1164026E+01 .1020081E+01 .1784151E+01 .1178321E+01
.5929916E+00 .7638776E+00 .8304373E+00 .8568364E+00 .8872859E+00 .9200283E+00 .9077926E+00 .8930599E+00
.2293300E+01 .3028590E+01 .2488284E+01 .2427329E+01 .2411636E+01 .2230469E+01 .2430909E+01 .2336110E+01
.1066031E+01 .2122612E+01 .1216296E+01 .1141741E+01 .1180105E+01 .1081823E+01 .1381865E+01 .1238836E+01
.7356503E+00 .7936723E+00 .8422987E+00 .9002645E+00 .9086978E+00 .9341849E+00 .9141963E+00 .9452445E+00
.2516025E+01 .2752972E+01 .2391202E+01 .2394536E+01 .2332169E+01 .2222511E+01 .2298725E+01 .2211862E+01
.1232557E+01 .1757618E+01 .1159352E+01 .1194327E+01 .1176984E+01 .1112298E+01 .1203787E+01 .1126989E+01
.8096512E+00 .8060493E+00 .9078132E+00 .9231072E+00 .9180121E+00 .9428361E+00 .9434387E+00 .9597293E+00
.2561873E+01 .2500238E+01 .2360978E+01 .2304418E+01 .2272433E+01 .2191340E+01 .2228161E+01 .2195329E+01
.1273946E+01 .1444854E+01 .1198642E+01 .1173743E+01 .1178177E+01 .1118123E+01 .1130800E+01 .1132434E+01
.8510594E+00 .8408502E+00 .9311094E+00 .9282711E+00 .9239664E+00 .9480712E+00 .9641565E+00 .9663563E+00
.2487041E+01 .2357871E+01 .2280278E+01 .2246391E+01 .2222398E+01 .2160684E+01 .2184316E+01 .2152261E+01
.1229781E+01 .1282864E+01 .1171072E+01 .1170147E+01 .1176335E+01 .1120825E+01 .1106794E+01 .1113752E+01
.8816776E+00 .8942768E+00 .9372627E+00 .9328328E+00 .9277296E+00 .9514442E+00 .9729515E+00 .9695485E+00
.9312474E-02 .4877481E-02 .9111943E-02 .1469934E-01 .2835263E-01 .3808111E-01 .1334947E-01 .1039539E-01
.1201953E-07 .1290764E-06 .4833667E-06 .9770712E-06 .1637739E-05 .1539799E-05 .2054263E-05 .8906297E-05
.3459318E-04 .1353624E-03 .2715468E-03 .3600178E-03 .4288012E-03 .4802198E-03 .8057946E-03 .1609068E-02
.1291696E-01 .6767883E-02 .1264819E-01 .2041016E-01 .3937336E-01 .5286442E-01 .1854739E-01 .1447851E-01
.4447328E-07 .4776146E-06 .1788649E-05 .3615871E-05 .6060902E-05 .5696334E-05 .7596678E-05 .3292801E-04
.6654003E-04 .2603580E-03 .5222811E-03 .6924142E-03 .8246714E-03 .9236097E-03 .1549689E-02 .3094040E-02
.1791828E-01 .9395368E-02 .1757152E-01 .2837156E-01 .5474493E-01 .7344928E-01 .2581512E-01 .2026263E-01
.1645573E-06 .1767387E-05 .6619294E-05 .1338351E-04 .2243359E-04 .2106869E-04 .2807741E-04 .1216427E-03
.1279873E-03 .5007456E-03 .1004446E-02 .1331546E-02 .1585780E-02 .1776233E-02 .2979862E-02 .5947838E-02
.2486059E-01 .1305533E-01 .2445289E-01 .3952799E-01 .7630159E-01 .1022155E+00 .3606166E-01 .2865889E-01
.6089011E-06 .6540767E-05 .2450001E-04 .4955094E-04 .8305587E-04 .7788779E-04 .1036593E-03 .4485947E-03
.2461698E-03 .9629710E-03 .1931432E-02 .2560083E-02 .3048593E-02 .3415556E-02 .5728366E-02 .1142907E-01
.3450480E-01 .1817664E-01 .3414893E-01 .5532646E-01 .1068545E+00 .1426843E+00 .5075395E-01 .4147936E-01
.2253183E-05 .2421040E-04 .9070604E-04 .1835452E-03 .3076016E-03 .2876001E-03 .3818001E-03 .1647727E-02
.4734488E-03 .1851465E-02 .3712862E-02 .4920327E-02 .5858601E-02 .6567259E-02 .1100744E-01 .2195145E-01
.4792297E-01 .2541092E-01 .4804096E-01 .7817752E-01 .1510534E+00 .2003026E+00 .7253389E-01 .6297227E-01
.8338330E-05 .8964042E-04 .3359557E-03 .6803677E-03 .1139457E-02 .1058813E-02 .1398897E-02 .5991726E-02
.9104532E-03 .3558328E-02 .7133929E-02 .9451275E-02 .1125372E-01 .1262955E-01 .2114198E-01 .4217195E-01
.6664727E-01 .3583478E-01 .6863410E-01 .1126353E+00 .2174573E+00 .2839844E+00 .1068210E+00 .1041517E+00
.3086096E-04 .3320440E-03 .1244854E-02 .2523748E-02 .4216945E-02 .3868082E-02 .5062133E-02 .2119363E-01
.1750444E-02 .6833968E-02 .1369732E-01 .1814270E-01 .2161587E-01 .2431977E-01 .4061669E-01 .8134940E-01
.9292521E-01 .5148002E-01 .1012347E+00 .1686872E+00 .3237225E+00 .4088839E+00 .1657363E+00 .1917430E+00
.1142320E-03 .1230448E-02 .4611392E-02 .9353044E-02 .1551112E-01 .1384176E-01 .1774619E-01 .6935063E-01
.3364214E-02 .1311010E-01 .2628015E-01 .3482878E-01 .4161001E-01 .4706228E-01 .7833402E-01 .1596593E+00
.1302061E+00 .7687405E-01 .1588955E+00 .2710183E+00 .5083465E+00 .5989689E+00 .2741492E+00 .3711219E+00
.4227998E-03 .4556295E-02 .1700512E-01 .3432918E-01 .5559466E-01 .4684033E-01 .5719297E-01 .1913213E+00
.6462347E-02 .2511262E-01 .5046167E-01 .6714817E-01 .8095802E-01 .9242046E-01 .1535866E+00 .3233826E+00
.1841678E+00 .1236788E+00 .2761177E+00 .4804623E+00 .8431727E+00 .8774709E+00 .4613771E+00 .7107479E+00
.1563377E-02 .1675421E-01 .6125826E-01 .1202489E+00 .1815693E+00 .1375672E+00 .1522026E+00 .4425347E+00
.1240660E-01 .4808062E-01 .9773661E-01 .1321795E+00 .1631416E+00 .1874074E+00 .3105368E+00 .5905967E+00
.2650262E+00 .2231344E+00 .5316532E+00 .9029787E+00 .1383765E+01 .1232274E+01 .7544061E+00 .1303704E+01
.5756000E-02 .5952953E-01 .2006794E+00 .3568680E+00 .4626952E+00 .3082264E+00 .3327678E+00 .9236507E+00
.2382276E-01 .9272006E-01 .1964826E+00 .2769532E+00 .3470559E+00 .3833020E+00 .5500438E+00 .7293032E+00
.3925308E+00 .4407727E+00 .1020051E+01 .1621288E+01 .2046432E+01 .1618852E+01 .1183233E+01 .2090815E+01
.2086067E-01 .1862810E+00 .5129607E+00 .8000684E+00 .8680454E+00 .5362031E+00 .6387092E+00 .1578601E+01
.4591692E-01 .1853876E+00 .4227351E+00 .5549719E+00 .5998705E+00 .6300913E+00 .7036064E+00 .8231505E+00
.6034075E+00 .8521297E+00 .1844420E+01 .2423087E+01 .2611142E+01 .1956264E+01 .1699116E+01 .2873635E+01
.7175589E-01 .4614322E+00 .1101730E+01 .1396787E+01 .1275037E+01 .7754619E+00 .1042232E+01 .2210886E+01
.8989691E-01 .3781190E+00 .6450620E+00 .6793864E+00 .7365416E+00 .7841522E+00 .7935536E+00 .8727781E+00
.9439813E+00 .1493737E+01 .2684849E+01 .3044221E+01 .2845016E+01 .2139773E+01 .2250702E+01 .3171296E+01
.2129982E+00 .9418213E+00 .1738315E+01 .1825041E+01 .1433697E+01 .9214026E+00 .1487923E+01 .2350601E+01
.1830881E+00 .5747328E+00 .7379662E+00 .7835467E+00 .8226973E+00 .8642697E+00 .8480211E+00 .8904840E+00
.1418632E+01 .2208551E+01 .3245883E+01 .3097677E+01 .2679561E+01 .2181299E+01 .2683282E+01 .2734460E+01
.4798493E+00 .1498116E+01 .2132764E+01 .1756708E+01 .1289658E+01 .9688907E+00 .1810320E+01 .1772183E+01
.3718864E+00 .7001155E+00 .7980972E+00 .8341419E+00 .8598894E+00 .8964444E+00 .8896237E+00 .8851930E+00
.1934736E+01 .2785837E+01 .3120142E+01 .2637582E+01 .2475199E+01 .2197671E+01 .2734731E+01 .2243631E+01
.8160499E+00 .1942429E+01 .1878936E+01 .1286491E+01 .1157095E+01 .1012465E+01 .1760162E+01 .1184516E+01
.5883707E+00 .7567113E+00 .8326512E+00 .8583013E+00 .8859449E+00 .9186430E+00 .9074012E+00 .8927085E+00
.2324430E+01 .2978858E+01 .2524353E+01 .2423673E+01 .2413726E+01 .2227921E+01 .2444455E+01 .2326382E+01
.1091107E+01 .2024503E+01 .1245790E+01 .1138063E+01 .1182147E+01 .1079039E+01 .1388489E+01 .1231929E+01
.7339869E+00 .7888441E+00 .8471790E+00 .8997577E+00 .9089171E+00 .9340755E+00 .9147520E+00 .9445027E+00
.2510646E+01 .2758225E+01 .2368938E+01 .2395363E+01 .2331561E+01 .2221424E+01 .2299345E+01 .2215962E+01
.1224276E+01 .1728207E+01 .1133626E+01 .1195218E+01 .1176339E+01 .1111155E+01 .1201908E+01 .1132249E+01
.8088074E+00 .8076508E+00 .9080690E+00 .9229730E+00 .9180245E+00 .9428284E+00 .9428460E+00 .9598060E+00
.2544073E+01 .2506292E+01 .2373048E+01 .2303308E+01 .2272513E+01 .2191742E+01 .2226453E+01 .2200786E+01
.1256694E+01 .1428596E+01 .1209668E+01 .1172689E+01 .1178261E+01 .1118545E+01 .1128465E+01 .1138204E+01
.8481684E+00 .8432844E+00 .9325074E+00 .9281083E+00 .9239623E+00 .9480391E+00 .9639103E+00 .9664529E+00
.2480114E+01 .2358471E+01 .2274208E+01 .2246457E+01 .2222403E+01 .2160662E+01 .2183789E+01 .2154184E+01
.1223803E+01 .1271182E+01 .1164711E+01 .1170198E+01 .1176339E+01 .1120807E+01 .1106232E+01 .1115699E+01
.8802894E+00 .8934057E+00 .9371748E+00 .9328596E+00 .9277306E+00 .9514365E+00 .9728376E+00 .9695765E+00
.9261771E-02 .5671732E-02 .9644192E-02 .1478109E-01 .2772865E-01 .3728127E-01 .1552537E-01 .1018965E-01
.1281636E-07 .1333250E-06 .4819851E-06 .9716025E-06 .1620701E-05 .1569960E-05 .2146526E-05 .8963476E-05
.3410759E-04 .1336127E-03 .2715125E-03 .3605002E-03 .4298164E-03 .4745519E-03 .7925313E-03 .1608436E-02
.1284672E-01 .7870029E-02 .1338691E-01 .2052353E-01 .3850667E-01 .5175646E-01 .2157099E-01 .1419241E-01
.4742204E-07 .4933389E-06 .1783527E-05 .3595611E-05 .5997833E-05 .5808238E-05 .7938231E-05 .3314072E-04
.6560581E-04 .2569915E-03 .5222158E-03 .6933434E-03 .8266241E-03 .9126844E-03 .1524152E-02 .3092804E-02
.1782110E-01 .1092552E-01 .1859748E-01 .2852879E-01 .5353951E-01 .7191648E-01 .3002405E-01 .1986404E-01
.1754711E-06 .1825598E-05 .6600272E-05 .1330837E-04 .2220007E-04 .2148494E-04 .2934226E-04 .1224379E-03
.1261897E-03 .4942665E-03 .1004322E-02 .1333338E-02 .1589536E-02 .1755133E-02 .2930654E-02 .5945384E-02
.2472644E-01 .1518172E-01 .2587954E-01 .3974597E-01 .7462081E-01 .1001009E+00 .4194004E-01 .2810200E-01
.6493057E-06 .6756362E-05 .2442909E-04 .4927163E-04 .8219085E-04 .7944364E-04 .1083455E-03 .4515944E-03
.2427097E-03 .9504953E-03 .1931203E-02 .2563547E-02 .3055815E-02 .3374658E-02 .5633405E-02 .1142406E-01
.3432046E-01 .2113702E-01 .3613734E-01 .5562834E-01 .1044999E+00 .1397849E+00 .5901473E-01 .4069912E-01
.2402845E-05 .2500955E-04 .9043970E-04 .1825027E-03 .3043963E-03 .2934693E-03 .3991656E-03 .1659220E-02
.4667845E-03 .1827421E-02 .3712456E-02 .4927051E-02 .5872476E-02 .6487436E-02 .1082373E-01 .2194073E-01
.4767198E-01 .2954701E-01 .5082395E-01 .7859411E-01 .1477268E+00 .1963847E+00 .8427211E-01 .6188186E-01
.8893245E-05 .9260680E-04 .3349401E-03 .6764462E-03 .1127588E-02 .1081334E-02 .1463165E-02 .6036763E-02
.8976028E-03 .3511912E-02 .7133285E-02 .9464438E-02 .1128031E-01 .1247173E-01 .2078513E-01 .4214724E-01
.6631204E-01 .4165300E-01 .7255806E-01 .1132039E+00 .2126896E+00 .2788793E+00 .1238112E+00 .1026708E+00
.3292228E-04 .3430794E-03 .1240862E-02 .2508789E-02 .4173237E-02 .3957088E-02 .5298202E-02 .2137260E-01
.1725612E-02 .6744098E-02 .1369663E-01 .1816887E-01 .2166641E-01 .2400051E-01 .3991968E-01 .8128675E-01
.9249624E-01 .5977118E-01 .1068340E+00 .1694356E+00 .3167458E+00 .4028751E+00 .1909437E+00 .1899413E+00
.1219155E-03 .1271618E-02 .4594727E-02 .9294621E-02 .1535394E-01 .1420939E-01 .1858886E-01 .7001238E-01
.3316032E-02 .1293522E-01 .2628114E-01 .3488234E-01 .4170371E-01 .4639123E-01 .7696528E-01 .1594945E+00
.1297133E+00 .8897522E-01 .1670074E+00 .2718822E+00 .4979871E+00 .5940714E+00 .3119637E+00 .3694102E+00
.4516170E-03 .4710026E-02 .1692769E-01 .3409344E-01 .5507931E-01 .4841979E-01 .5993766E-01 .1931997E+00
.6368169E-02 .2476955E-01 .5047369E-01 .6726316E-01 .8111697E-01 .9093359E-01 .1508972E+00 .3231443E+00
.1837811E+00 .1420695E+00 .2878697E+00 .4809327E+00 .8286700E+00 .8802232E+00 .5146075E+00 .7103240E+00
.1672599E-02 .1732072E-01 .6083973E-01 .1192860E+00 .1803944E+00 .1440256E+00 .1591429E+00 .4470643E+00
.1222014E-01 .4740052E-01 .9780609E-01 .1324435E+00 .1633193E+00 .1840154E+00 .3050895E+00 .5910288E+00
.2653732E+00 .2525337E+00 .5469244E+00 .9012024E+00 .1369052E+01 .1253853E+01 .8164701E+00 .1305352E+01
.6176510E-02 .6146473E-01 .1982157E+00 .3534126E+00 .4628265E+00 .3282034E+00 .3410539E+00 .9320731E+00
.2344592E-01 .9136482E-01 .1968284E+00 .2775621E+00 .3468041E+00 .3769386E+00 .5401128E+00 .7289021E+00
.3956690E+00 .4877371E+00 .1031673E+01 .1614227E+01 .2042507E+01 .1666417E+01 .1231019E+01 .2093119E+01
.2250358E-01 .1912738E+00 .5016723E+00 .7915135E+00 .8768566E+00 .5770190E+00 .6305262E+00 .1589204E+01
.4513428E-01 .1827793E+00 .4238257E+00 .5557433E+00 .5985132E+00 .6249157E+00 .7003928E+00 .8229531E+00
.6152863E+00 .9162048E+00 .1833459E+01 .2411390E+01 .2625187E+01 .2017420E+01 .1705299E+01 .2869484E+01
.7802952E-01 .4666492E+00 .1065511E+01 .1383283E+01 .1298727E+01 .8295307E+00 .9978430E+00 .2216279E+01
.8824993E-01 .3736915E+00 .6463303E+00 .6797509E+00 .7356710E+00 .7809142E+00 .7913627E+00 .8718280E+00
.9764374E+00 .1548840E+01 .2646968E+01 .3033727E+01 .2869847E+01 .2182649E+01 .2202509E+01 .3163861E+01
.2331844E+00 .9224323E+00 .1675444E+01 .1813178E+01 .1463414E+01 .9590794E+00 .1401244E+01 .2352473E+01
.1799714E+00 .5726659E+00 .7388248E+00 .7835737E+00 .8227965E+00 .8645911E+00 .8416550E+00 .8897413E+00
.1478966E+01 .2214375E+01 .3193276E+01 .3099800E+01 .2686247E+01 .2185793E+01 .2618020E+01 .2748968E+01
.5229870E+00 .1426052E+01 .2061673E+01 .1758193E+01 .1297000E+01 .9698118E+00 .1719387E+01 .1795069E+01
.3680044E+00 .6993274E+00 .7963151E+00 .8345836E+00 .8611797E+00 .8977415E+00 .8829415E+00 .8852875E+00
.2000774E+01 .2726433E+01 .3116545E+01 .2648374E+01 .2464842E+01 .2189279E+01 .2717197E+01 .2249797E+01
.8693345E+00 .1813727E+01 .1863914E+01 .1296022E+01 .1147652E+01 .1003793E+01 .1726315E+01 .1196816E+01
.5841108E+00 .7531667E+00 .8336029E+00 .8602084E+00 .8842493E+00 .9166438E+00 .9070829E+00 .8932131E+00
.2361574E+01 .2916996E+01 .2569545E+01 .2420907E+01 .2415836E+01 .2225028E+01 .2460724E+01 .2309654E+01
.1122249E+01 .1908902E+01 .1281353E+01 .1135344E+01 .1184045E+01 .1075653E+01 .1397357E+01 .1218910E+01
.7313857E+00 .7856437E+00 .8556953E+00 .8990903E+00 .9094666E+00 .9343715E+00 .9153034E+00 .9437511E+00
.2506234E+01 .2759020E+01 .2349954E+01 .2394700E+01 .2330978E+01 .2219829E+01 .2300274E+01 .2226573E+01
.1217189E+01 .1690149E+01 .1112420E+01 .1194365E+01 .1175733E+01 .1109469E+01 .1200167E+01 .1144657E+01
.8083562E+00 .8114091E+00 .9069279E+00 .9230886E+00 .9180496E+00 .9428567E+00 .9421681E+00 .9598989E+00
.2524339E+01 .2513733E+01 .2381468E+01 .2302762E+01 .2272673E+01 .2192170E+01 .2224774E+01 .2204701E+01
.1237734E+01 .1410704E+01 .1218000E+01 .1172093E+01 .1178406E+01 .1118952E+01 .1126299E+01 .1142593E+01
.8454769E+00 .8490683E+00 .9321912E+00 .9281283E+00 .9239981E+00 .9480761E+00 .9633646E+00 .9665159E+00
.2470237E+01 .2362842E+01 .2265877E+01 .2246960E+01 .2222412E+01 .2160685E+01 .2183296E+01 .2154610E+01
.1215261E+01 .1261312E+01 .1156293E+01 .1170726E+01 .1176350E+01 .1120832E+01 .1105811E+01 .1116179E+01
.8786711E+00 .8946117E+00 .9367162E+00 .9328498E+00 .9277290E+00 .9514353E+00 .9725910E+00 .9695582E+00
.9196237E-02 .6632997E-02 .1029664E-01 .1488116E-01 .2696799E-01 .3630498E-01 .1817156E-01 .9938361E-02
.1385865E-07 .1389034E-06 .4805506E-06 .9649729E-06 .1600550E-05 .1614305E-05 .2279316E-05 .9035069E-05
.3381747E-04 .1318121E-03 .2712712E-03 .3609424E-03 .4308539E-03 .4698869E-03 .7792127E-03 .1608071E-02
.1275594E-01 .9203942E-02 .1429244E-01 .2066232E-01 .3745018E-01 .5040396E-01 .2524826E-01 .1384300E-01
.5127912E-07 .5139851E-06 .1778209E-05 .3571053E-05 .5923246E-05 .5972707E-05 .8429894E-05 .3340697E-04
.6504759E-04 .2535268E-03 .5217522E-03 .6941951E-03 .8286198E-03 .9036888E-03 .1498509E-02 .3092082E-02
.1769547E-01 .1277746E-01 .1985506E-01 .2872127E-01 .5207020E-01 .7004508E-01 .3514327E-01 .1937728E-01
.1897467E-06 .1902031E-05 .6580515E-05 .1321729E-04 .2192392E-04 .2209626E-04 .3116358E-04 .1234327E-03
.1251153E-03 .4875983E-03 .1003432E-02 .1334981E-02 .1593375E-02 .1737747E-02 .2881244E-02 .5943921E-02
.2455296E-01 .1775535E-01 .2762811E-01 .4001282E-01 .7257233E-01 .9751834E-01 .4909072E-01 .2742208E-01
.7021564E-06 .7039445E-05 .2435541E-04 .4893321E-04 .8116810E-04 .8172535E-04 .1150974E-03 .4553423E-03
.2406410E-03 .9376550E-03 .1929499E-02 .2566723E-02 .3063193E-02 .3340910E-02 .5538075E-02 .1142097E-01
.3408192E-01 .2472021E-01 .3857400E-01 .5599788E-01 .1016309E+00 .1362422E+00 .6906569E-01 .3974697E-01
.2598611E-05 .2605887E-04 .9016271E-04 .1812402E-03 .3006078E-03 .3020530E-03 .4242165E-03 .1673548E-02
.4627974E-03 .1802673E-02 .3709208E-02 .4933225E-02 .5886643E-02 .6421394E-02 .1063941E-01 .2193372E-01
.4734680E-01 .3455366E-01 .5423322E-01 .7910404E-01 .1436752E+00 .1915930E+00 .9855877E-01 .6055246E-01
.9619103E-05 .9650195E-04 .3338817E-03 .6717026E-03 .1113568E-02 .1114097E-02 .1556088E-02 .6092685E-02
.8899050E-03 .3464134E-02 .7127160E-02 .9476548E-02 .1130742E-01 .1234057E-01 .2042772E-01 .4212979E-01
.6587667E-01 .4869679E-01 .7736193E-01 .1138998E+00 .2068869E+00 .2726256E+00 .1444962E+00 .1008683E+00
.3561864E-04 .3575711E-03 .1236683E-02 .2490732E-02 .4121657E-02 .4085329E-02 .5641000E-02 .2159322E-01
.1710701E-02 .6651597E-02 .1368537E-01 .1819304E-01 .2171771E-01 .2373319E-01 .3922475E-01 .8123908E-01
.9193617E-01 .6981087E-01 .1136798E+00 .1703521E+00 .3082641E+00 .3954956E+00 .2216185E+00 .1877494E+00
.1319661E-03 .1325692E-02 .4577140E-02 .9224370E-02 .1516875E-01 .1473044E-01 .1982180E-01 .7081812E-01
.3286979E-02 .1275529E-01 .2626176E-01 .3493203E-01 .4179765E-01 .4582420E-01 .7561704E-01 .1593672E+00
.1290613E+00 .1036310E+00 .1768993E+00 .2729439E+00 .4854040E+00 .5880397E+00 .3578157E+00 .3673182E+00
.4893128E-03 .4912039E-02 .1684482E-01 .3381204E-01 .5447297E-01 .5060477E-01 .6399417E-01 .1954688E+00
.6310977E-02 .2441728E-01 .5044671E-01 .6737045E-01 .8127062E-01 .8967462E-01 .1483280E+00 .3230095E+00
.1832411E+00 .1643332E+00 .3021295E+00 .4815425E+00 .8109832E+00 .8836693E+00 .5785191E+00 .7098521E+00
.1815467E-02 .1806621E-01 .6038476E-01 .1181511E+00 .1790039E+00 .1526876E+00 .1694061E+00 .4526567E+00
.1210567E-01 .4670674E-01 .9780211E-01 .1326890E+00 .1634651E+00 .1812583E+00 .3002633E+00 .5913672E+00
.2657152E+00 .2880163E+00 .5653722E+00 .8992124E+00 .1350586E+01 .1280783E+01 .8899902E+00 .1307130E+01
.6726443E-02 .6402642E-01 .1955318E+00 .3494181E+00 .4628327E+00 .3539636E+00 .3535365E+00 .9422063E+00
.2321146E-01 .9000949E-01 .1970321E+00 .2781017E+00 .3465157E+00 .3728438E+00 .5337938E+00 .7283465E+00
.3994499E+00 .5439665E+00 .1046371E+01 .1606018E+01 .2036481E+01 .1725556E+01 .1286604E+01 .2095900E+01
.2464959E-01 .1980874E+00 .4895694E+00 .7816408E+00 .8867531E+00 .6279407E+00 .6246607E+00 .1602202E+01
.4464525E-01 .1803187E+00 .4244999E+00 .5563784E+00 .5974394E+00 .6230515E+00 .7016048E+00 .8227517E+00
.6299348E+00 .9923516E+00 .1822332E+01 .2397648E+01 .2640408E+01 .2091923E+01 .1715220E+01 .2864520E+01
.8617412E-01 .4751855E+00 .1025332E+01 .1367355E+01 .1326181E+01 .8962265E+00 .9521600E+00 .2223185E+01
.8727337E-01 .3702541E+00 .6479660E+00 .6804706E+00 .7346070E+00 .7767768E+00 .7928461E+00 .8706551E+00
.1016398E+01 .1614274E+01 .2605377E+01 .3020650E+01 .2900947E+01 .2234627E+01 .2152105E+01 .3153532E+01
.2587677E+00 .9050342E+00 .1605036E+01 .1798370E+01 .1501610E+01 .1005443E+01 .1307296E+01 .2354272E+01
.1786541E+00 .5739993E+00 .7414002E+00 .7838390E+00 .8220262E+00 .8633115E+00 .8391424E+00 .8882489E+00
.1551560E+01 .2225367E+01 .3132040E+01 .3099979E+01 .2698385E+01 .2191200E+01 .2543956E+01 .2764538E+01
.5752995E+00 .1352049E+01 .1978498E+01 .1757838E+01 .1310531E+01 .9710898E+00 .1617035E+01 .1821207E+01
.3674284E+00 .7027055E+00 .7960877E+00 .8347964E+00 .8626550E+00 .8996126E+00 .8765951E+00 .8854148E+00
.2077806E+01 .2665017E+01 .3099926E+01 .2661212E+01 .2451997E+01 .2180012E+01 .2688518E+01 .2263255E+01
.9324274E+00 .1675256E+01 .1835780E+01 .1307756E+01 .1135380E+01 .9937636E+00 .1679204E+01 .1218724E+01
.5804771E+00 .7553511E+00 .8333320E+00 .8620904E+00 .8830325E+00 .9150862E+00 .9064537E+00 .8941293E+00
.2405711E+01 .2842365E+01 .2620619E+01 .2420313E+01 .2416997E+01 .2221580E+01 .2478758E+01 .2284586E+01
.1160711E+01 .1775186E+01 .1321205E+01 .1134367E+01 .1185288E+01 .1071822E+01 .1407209E+01 .1199340E+01
.7277595E+00 .7863442E+00 .8662052E+00 .8990301E+00 .9097432E+00 .9345060E+00 .9162584E+00 .9418292E+00
.2504567E+01 .2751335E+01 .2341167E+01 .2391601E+01 .2330876E+01 .2217629E+01 .2302076E+01 .2244955E+01
.1213801E+01 .1639150E+01 .1102614E+01 .1190953E+01 .1175793E+01 .1107386E+01 .1198845E+01 .1165492E+01
.8080098E+00 .8197591E+00 .9041099E+00 .9233832E+00 .9178184E+00 .9425056E+00 .9415882E+00 .9604188E+00
.2503429E+01 .2524532E+01 .2378661E+01 .2303728E+01 .2272859E+01 .2192561E+01 .2223922E+01 .2202577E+01
.1217643E+01 .1394098E+01 .1214274E+01 .1172993E+01 .1178623E+01 .1119378E+01 .1124908E+01 .1141289E+01
.8440761E+00 .8577682E+00 .9318389E+00 .9283249E+00 .9239649E+00 .9480258E+00 .9628711E+00 .9662804E+00
.2456409E+01 .2369762E+01 .2260445E+01 .2247720E+01 .2222411E+01 .2160801E+01 .2183349E+01 .2151088E+01
.1203644E+01 .1251879E+01 .1150945E+01 .1171446E+01 .1176345E+01 .1120948E+01 .1106029E+01 .1112772E+01
.8763813E+00 .8990179E+00 .9359846E+00 .9329498E+00 .9277350E+00 .9514389E+00 .9723082E+00 .9694245E+00
.9112573E-02 .7773153E-02 .1108258E-01 .1500151E-01 .2605783E-01 .3513501E-01 .2132876E-01 .9636970E-02
.1520518E-07 .1461510E-06 .4791999E-06 .9570942E-06 .1577330E-05 .1678137E-05 .2467578E-05 .9123476E-05
.3382129E-04 .1301152E-03 .2707351E-03 .3612786E-03 .4318424E-03 .4671287E-03 .7668956E-03 .1608135E-02
.1264003E-01 .1078611E-01 .1538322E-01 .2082925E-01 .3618608E-01 .4878300E-01 .2963583E-01 .1342395E-01
.5626214E-07 .5408089E-06 .1773200E-05 .3541869E-05 .5837304E-05 .6209374E-05 .9127021E-05 .3373563E-04
.6505479E-04 .2502616E-03 .5207213E-03 .6948430E-03 .8305210E-03 .8983624E-03 .1474795E-02 .3092187E-02
.1753504E-01 .1497410E-01 .2136983E-01 .2895276E-01 .5031228E-01 .6780183E-01 .4125182E-01 .1879359E-01
.2081896E-06 .2001333E-05 .6561900E-05 .1310909E-04 .2160576E-04 .2297541E-04 .3374658E-04 .1246597E-03
.1251286E-03 .4813137E-03 .1001451E-02 .1336232E-02 .1597030E-02 .1727424E-02 .2835555E-02 .5944054E-02
.2433136E-01 .2080808E-01 .2973411E-01 .4033375E-01 .7012181E-01 .9442166E-01 .5762453E-01 .2660697E-01
.7704352E-06 .7407232E-05 .2428592E-04 .4853125E-04 .7999001E-04 .8500294E-04 .1246769E-03 .4599595E-03
.2406647E-03 .9255527E-03 .1925692E-02 .2569146E-02 .3070220E-02 .3320767E-02 .5449953E-02 .1142096E-01
.3377701E-01 .2897064E-01 .4150823E-01 .5644229E-01 .9819964E-01 .1319918E+00 .8106361E-01 .3860608E-01
.2851524E-05 .2742219E-04 .8990096E-04 .1797417E-03 .2962453E-03 .3143556E-03 .4597851E-03 .1691155E-02
.4628360E-03 .1779345E-02 .3701908E-02 .4937945E-02 .5900123E-02 .6381596E-02 .1046920E-01 .2193273E-01
.4693061E-01 .4049312E-01 .5833720E-01 .7971727E-01 .1388319E+00 .1858382E+00 .1156187E+00 .5896129E-01
.1055686E-04 .1015628E-03 .3328775E-03 .6660787E-03 .1097435E-02 .1160854E-02 .1688207E-02 .6161090E-02
.8899538E-03 .3419094E-02 .7113222E-02 .9485853E-02 .1133314E-01 .1226018E-01 .2009859E-01 .4212428E-01
.6531797E-01 .5705417E-01 .8314066E-01 .1147367E+00 .1999562E+00 .2651022E+00 .1692031E+00 .9871486E-01
.3910216E-04 .3764007E-03 .1232685E-02 .2469373E-02 .4062377E-02 .4266881E-02 .6129507E-02 .2186083E-01
.1710704E-02 .6564404E-02 .1365903E-01 .1821176E-01 .2176607E-01 .2356496E-01 .3858983E-01 .8121645E-01
.9121337E-01 .8172544E-01 .1219033E+00 .1714548E+00 .2981464E+00 .3865949E+00 .2582322E+00 .1851320E+00
.1449511E-03 .1395960E-02 .4560030E-02 .9141627E-02 .1495634E-01 .1545782E-01 .2158391E-01 .7178126E-01
.3286667E-02 .1258584E-01 .2621327E-01 .3497108E-01 .4188450E-01 .4545500E-01 .7441140E-01 .1593013E+00
.1282080E+00 .1210267E+00 .1887484E+00 .2742267E+00 .4704100E+00 .5807479E+00 .4123075E+00 .3648034E+00
.5380136E-03 .5174622E-02 .1676202E-01 .3348323E-01 .5377928E-01 .5358797E-01 .6978781E-01 .1981525E+00
.6309297E-02 .2408666E-01 .5036374E-01 .6745615E-01 .8140403E-01 .8883851E-01 .1461624E+00 .3230257E+00
.1824956E+00 .1907452E+00 .3191227E+00 .4823204E+00 .7898279E+00 .8878977E+00 .6536331E+00 .7093102E+00
.2000034E-02 .1903612E-01 .5991650E-01 .1168439E+00 .1774085E+00 .1641363E+00 .1837799E+00 .4594016E+00
.1209898E-01 .4606297E-01 .9769120E-01 .1328852E+00 .1635505E+00 .1795838E+00 .2968366E+00 .5915690E+00
.2660025E+00 .3299653E+00 .5872686E+00 .8970569E+00 .1327873E+01 .1313593E+01 .9752390E+00 .1308964E+01
.7436627E-02 .6737305E-01 .1927369E+00 .3449130E+00 .4626981E+00 .3864470E+00 .3709744E+00 .9541298E+00
.2318916E-01 .8879635E-01 .1970223E+00 .2784964E+00 .3461890E+00 .3720641E+00 .5324724E+00 .7276816E+00
.4038850E+00 .6098793E+00 .1064649E+01 .1596713E+01 .2027747E+01 .1796810E+01 .1350815E+01 .2099026E+01
.2741610E-01 .2071842E+00 .4770998E+00 .7705228E+00 .8975951E+00 .6900315E+00 .6233751E+00 .1617686E+01
.4458862E-01 .1783593E+00 .4245839E+00 .5567802E+00 .5968673E+00 .6244504E+00 .7061532E+00 .8224911E+00
.6475944E+00 .1080878E+01 .1812066E+01 .2381882E+01 .2656013E+01 .2180708E+01 .1730591E+01 .2858941E+01
.9658588E-01 .4879996E+00 .9823993E+00 .1349042E+01 .1357008E+01 .9763105E+00 .9085474E+00 .2232099E+01
.8725808E-01 .3685935E+00 .6499707E+00 .6815820E+00 .7334652E+00 .7724214E+00 .7980522E+00 .8693123E+00
.1064408E+01 .1690662E+01 .2561091E+01 .3004800E+01 .2938229E+01 .2297153E+01 .2102648E+01 .3139653E+01
.2904935E+00 .8926086E+00 .1528609E+01 .1780400E+01 .1548528E+01 .1062041E+01 .1210130E+01 .2355754E+01
.1797655E+00 .5788367E+00 .7457111E+00 .7844665E+00 .8203356E+00 .8597086E+00 .8417933E+00 .8857256E+00
.1636241E+01 .2243695E+01 .3063095E+01 .3097334E+01 .2718127E+01 .2199434E+01 .2462298E+01 .2780169E+01
.6371401E+00 .1281891E+01 .1883994E+01 .1754601E+01 .1333174E+01 .9753420E+00 .1504054E+01 .1850397E+01
.3704649E+00 .7099026E+00 .7982690E+00 .8349244E+00 .8635188E+00 .9008548E+00 .8729019E+00 .8851508E+00
.2166102E+01 .2605180E+01 .3067793E+01 .2675113E+01 .2437697E+01 .2170462E+01 .2645041E+01 .2286039E+01
.1005806E+01 .1534034E+01 .1790997E+01 .1321097E+01 .1121029E+01 .9823650E+00 .1615905E+01 .1253050E+01
.5776439E+00 .7644273E+00 .8329194E+00 .8633506E+00 .8831512E+00 .9155897E+00 .9051677E+00 .8947788E+00
.2458285E+01 .2755749E+01 .2669794E+01 .2423377E+01 .2415620E+01 .2217377E+01 .2495419E+01 .2252646E+01
.1208137E+01 .1625649E+01 .1360919E+01 .1136251E+01 .1184816E+01 .1067958E+01 .1413951E+01 .1174896E+01
.7228112E+00 .7935598E+00 .8745532E+00 .9002284E+00 .9088424E+00 .9333705E+00 .9186297E+00 .9388769E+00
.2508168E+01 .2729577E+01 .2351244E+01 .2385784E+01 .2331957E+01 .2214630E+01 .2306899E+01 .2268797E+01
.1217659E+01 .1571449E+01 .1108946E+01 .1185364E+01 .1176835E+01 .1104423E+01 .1200040E+01 .1193116E+01
.8069209E+00 .8327906E+00 .9053019E+00 .9228789E+00 .9178497E+00 .9422141E+00 .9417982E+00 .9605596E+00
.2482497E+01 .2539268E+01 .2358471E+01 .2306667E+01 .2272813E+01 .2192753E+01 .2224556E+01 .2190310E+01
.1197867E+01 .1380472E+01 .1191262E+01 .1176150E+01 .1178540E+01 .1119598E+01 .1125166E+01 .1130195E+01
.8448119E+00 .8683376E+00 .9341244E+00 .9281231E+00 .9240021E+00 .9479830E+00 .9623965E+00 .9658912E+00
.2437984E+01 .2377566E+01 .2266104E+01 .2247694E+01 .2222370E+01 .2161087E+01 .2184039E+01 .2143981E+01
.1188518E+01 .1243486E+01 .1155743E+01 .1171489E+01 .1176313E+01 .1121265E+01 .1107055E+01 .1105869E+01
.8734223E+00 .9044480E+00 .9376604E+00 .9328575E+00 .9277174E+00 .9513993E+00 .9719777E+00 .9692033E+00
.9006897E-02 .9102178E-02 .1201581E-01 .1514417E-01 .2498568E-01 .3375437E-01 .2503513E-01 .9280921E-02
.1692546E-07 .1554824E-06 .4781286E-06 .9478893E-06 .1551220E-05 .1768101E-05 .2730457E-05 .9231468E-05
.3421487E-04 .1287234E-03 .2698162E-03 .3614260E-03 .4327029E-03 .4673075E-03 .7568009E-03 .1608795E-02
.1249360E-01 .1263038E-01 .1667837E-01 .2102710E-01 .3469706E-01 .4686996E-01 .3478682E-01 .1292894E-01
.6262820E-07 .5753451E-06 .1769225E-05 .3507777E-05 .5740671E-05 .6542852E-05 .1010051E-04 .3413694E-04
.6581174E-04 .2475836E-03 .5189538E-03 .6951278E-03 .8321762E-03 .8986871E-03 .1455360E-02 .3093441E-02
.1733235E-01 .1753468E-01 .2316833E-01 .2922714E-01 .4824174E-01 .6515386E-01 .4842385E-01 .1810418E-01
.2317514E-06 .2129186E-05 .6547110E-05 .1298271E-04 .2124807E-04 .2421359E-04 .3735395E-04 .1261569E-03
.1265842E-03 .4761588E-03 .9980513E-03 .1336784E-02 .1600213E-02 .1727978E-02 .2798117E-02 .5946406E-02
.2405127E-01 .2436668E-01 .3223433E-01 .4071412E-01 .6723592E-01 .9076501E-01 .6764560E-01 .2564450E-01
.8576651E-06 .7880765E-05 .2423058E-04 .4806194E-04 .7866578E-04 .8961483E-04 .1380581E-03 .4655846E-03
.2434627E-03 .9156242E-03 .1919157E-02 .2570222E-02 .3076334E-02 .3321570E-02 .5377785E-02 .1142526E-01
.3339138E-01 .3392568E-01 .4499105E-01 .5696900E-01 .9415989E-01 .1269696E+00 .9515610E-01 .3725977E-01
.3174636E-05 .2917748E-04 .8969150E-04 .1779932E-03 .2913438E-03 .3316355E-03 .5094854E-03 .1712546E-02
.4682117E-03 .1760203E-02 .3689353E-02 .4940071E-02 .5911837E-02 .6382186E-02 .1033006E-01 .2194013E-01
.4640352E-01 .4741786E-01 .6320666E-01 .8044401E-01 .1331325E+00 .1790311E+00 .1356639E+00 .5708593E-01
.1175490E-04 .1080786E-03 .3320657E-03 .6595253E-03 .1079322E-02 .1226299E-02 .1872904E-02 .6243768E-02
.9002713E-03 .3382130E-02 .7089151E-02 .9490146E-02 .1135541E-01 .1225789E-01 .1983097E-01 .4213543E-01
.6460849E-01 .6679951E-01 .8999211E-01 .1157285E+00 .1918079E+00 .2561871E+00 .1982402E+00 .9618220E-01
.4355261E-04 .4006430E-03 .1229385E-02 .2444545E-02 .3995921E-02 .4519337E-02 .6812640E-02 .2218117E-01
.1730470E-02 .6492854E-02 .1361314E-01 .1822077E-01 .2180746E-01 .2354873E-01 .3808146E-01 .8122857E-01
.9029016E-01 .9562202E-01 .1316388E+00 .1727623E+00 .2862682E+00 .3760207E+00 .3012229E+00 .1820546E+00
.1615403E-03 .1486422E-02 .4545377E-02 .9045900E-02 .1471882E-01 .1645734E-01 .2404450E-01 .7291442E-01
.3324416E-02 .1244701E-01 .2612711E-01 .3499103E-01 .4195631E-01 .4538726E-01 .7348799E-01 .1593188E+00
.1271026E+00 .1413198E+00 .2027342E+00 .2757547E+00 .4528297E+00 .5720698E+00 .4759642E+00 .3618219E+00
.6002307E-03 .5512642E-02 .1668700E-01 .3310614E-01 .5300635E-01 .5760535E-01 .7779782E-01 .2012694E+00
.6381035E-02 .2381763E-01 .5020852E-01 .6750313E-01 .8150131E-01 .8863474E-01 .1447198E+00 .3232292E+00
.1814799E+00 .2215371E+00 .3390723E+00 .4832991E+00 .7649381E+00 .8929834E+00 .7403202E+00 .7086671E+00
.2235795E-02 .2028464E-01 .5946628E-01 .1153677E+00 .1756318E+00 .1790407E+00 .2029790E+00 .4673797E+00
.1223451E-01 .4555127E-01 .9744291E-01 .1329954E+00 .1635467E+00 .1794508E+00 .2956117E+00 .5915659E+00
.2661674E+00 .3786855E+00 .6128833E+00 .8947999E+00 .1300417E+01 .1352754E+01 .1072245E+01 .1310757E+01
.8343311E-02 .7168704E-01 .1899675E+00 .3399417E+00 .4624225E+00 .4265772E+00 .3941142E+00 .9678899E+00
.2344536E-01 .8790567E-01 .1967399E+00 .2786601E+00 .3458264E+00 .3754799E+00 .5365484E+00 .7269723E+00
.4089603E+00 .6857512E+00 .1087022E+01 .1586410E+01 .2015638E+01 .1880102E+01 .1424920E+01 .2102280E+01
.3093957E-01 .2190460E+00 .4647642E+00 .7582747E+00 .9092452E+00 .7644329E+00 .6290146E+00 .1635662E+01
.4509394E-01 .1773257E+00 .4239491E+00 .5568445E+00 .5970191E+00 .6282368E+00 .7125573E+00 .8221032E+00
.6684602E+00 .1181821E+01 .1803950E+01 .2364186E+01 .2671043E+01 .2284137E+01 .1753735E+01 .2852946E+01
.1097022E+00 .5060044E+00 .9383052E+00 .1328501E+01 .1390791E+01 .1070026E+01 .8711989E+00 .2243501E+01
.8846722E-01 .3693895E+00 .6522295E+00 .6830679E+00 .7323420E+00 .7687626E+00 .8060417E+00 .8678745E+00
.1120861E+01 .1778435E+01 .2515676E+01 .2986063E+01 .2980879E+01 .2371408E+01 .2058791E+01 .3122064E+01
.3290368E+00 .8882321E+00 .1448528E+01 .1759187E+01 .1603487E+01 .1129993E+01 .1116059E+01 .2357065E+01
.1837987E+00 .5863629E+00 .7514975E+00 .7855588E+00 .8179298E+00 .8537289E+00 .8498448E+00 .8822575E+00
.1732191E+01 .2271774E+01 .2987984E+01 .3091043E+01 .2747238E+01 .2213343E+01 .2375853E+01 .2794301E+01
.7086955E+00 .1221944E+01 .1780133E+01 .1747435E+01 .1367510E+01 .9863812E+00 .1383238E+01 .1882172E+01
.3767420E+00 .7198332E+00 .8034760E+00 .8352529E+00 .8626918E+00 .8995755E+00 .8745170E+00 .8834090E+00
.2265461E+01 .2551231E+01 .3019295E+01 .2688418E+01 .2424331E+01 .2162032E+01 .2583892E+01 .2318210E+01
.1089428E+01 .1399967E+01 .1727189E+01 .1334465E+01 .1107546E+01 .9712428E+00 .1534784E+01 .1299840E+01
.5758343E+00 .7798419E+00 .8342742E+00 .8636326E+00 .8845345E+00 .9189372E+00 .9032308E+00 .8959529E+00
.2520553E+01 .2661382E+01 .2706227E+01 .2431170E+01 .2410048E+01 .2212055E+01 .2504407E+01 .2218914E+01
.1265924E+01 .1468320E+01 .1392165E+01 .1142485E+01 .1180437E+01 .1063418E+01 .1410908E+01 .1150733E+01
.7161197E+00 .8089908E+00 .8772673E+00 .9021474E+00 .9072960E+00 .9312458E+00 .9226058E+00 .9367017E+00
.2520063E+01 .2687349E+01 .2386626E+01 .2378536E+01 .2334491E+01 .2210528E+01 .2317812E+01 .2289372E+01
.1232979E+01 .1485528E+01 .1135575E+01 .1178636E+01 .1178900E+01 .1099882E+01 .1208016E+01 .1218721E+01
.8034164E+00 .8478420E+00 .9146396E+00 .9216666E+00 .9186950E+00 .9427910E+00 .9419752E+00 .9611775E+00
.2463719E+01 .2553484E+01 .2324569E+01 .2310060E+01 .2272224E+01 .2192444E+01 .2226815E+01 .2171206E+01
.1182109E+01 .1365342E+01 .1158006E+01 .1179255E+01 .1177950E+01 .1119282E+01 .1127567E+01 .1113037E+01
.8471748E+00 .8833662E+00 .9317347E+00 .9286015E+00 .9240266E+00 .9480509E+00 .9613814E+00 .9651444E+00
.2415180E+01 .2383235E+01 .2285568E+01 .2246048E+01 .2222361E+01 .2161638E+01 .2183968E+01 .2141951E+01
.1169534E+01 .1232344E+01 .1176360E+01 .1169744E+01 .1176286E+01 .1121802E+01 .1107836E+01 .1104221E+01
.8712325E+00 .9132504E+00 .9366717E+00 .9329110E+00 .9277509E+00 .9514541E+00 .9711161E+00 .9691581E+00
.8874713E-02 .1062783E-01 .1311069E-01 .1531120E-01 .2373949E-01 .3214635E-01 .2932581E-01 .8865650E-02
.1909987E-07 .1673976E-06 .4776042E-06 .9372953E-06 .1522553E-05 .1892317E-05 .3092001E-05 .9362258E-05
.3508560E-04 .1278810E-03 .2684413E-03 .3612834E-03 .4333615E-03 .4715429E-03 .7502619E-03 .1610202E-02
.1231043E-01 .1474752E-01 .1819783E-01 .2125876E-01 .3296640E-01 .4464160E-01 .4075020E-01 .1235163E-01
.7067484E-07 .6194439E-06 .1767275E-05 .3468544E-05 .5634583E-05 .7003201E-05 .1143939E-04 .3462275E-04
.6748649E-04 .2459623E-03 .5163090E-03 .6948543E-03 .8334429E-03 .9068164E-03 .1442771E-02 .3096133E-02
.1707874E-01 .2047416E-01 .2527820E-01 .2954840E-01 .4583539E-01 .6206880E-01 .5672780E-01 .1730027E-01
.2615332E-06 .2292439E-05 .6539814E-05 .1283730E-04 .2085542E-04 .2592220E-04 .4231536E-04 .1279677E-03
.1298052E-03 .4730371E-03 .9929639E-03 .1336261E-02 .1602649E-02 .1743550E-02 .2773874E-02 .5951532E-02
.2370071E-01 .2845201E-01 .3516710E-01 .4115947E-01 .6388253E-01 .8650317E-01 .7925015E-01 .2452255E-01
.9679229E-06 .8485398E-05 .2420299E-04 .4752216E-04 .7721253E-04 .9597416E-04 .1564618E-03 .4723775E-03
.2496566E-03 .9096088E-03 .1909372E-02 .2569230E-02 .3081009E-02 .3351284E-02 .5331115E-02 .1143492E-01
.3290838E-01 .3961449E-01 .4907558E-01 .5758564E-01 .8946712E-01 .1211123E+00 .1114799E+00 .3569144E-01
.3583046E-05 .3141866E-04 .8958481E-04 .1759837E-03 .2859672E-03 .3554282E-03 .5778343E-03 .1738299E-02
.4801197E-03 .1748598E-02 .3670541E-02 .4938209E-02 .5920775E-02 .6438476E-02 .1024047E-01 .2195798E-01
.4574247E-01 .5536892E-01 .6891512E-01 .8129480E-01 .1265156E+00 .1710829E+00 .1588915E+00 .5490437E-01
.1326922E-04 .1163975E-03 .3316344E-03 .6520042E-03 .1059472E-02 .1316159E-02 .2126802E-02 .6342720E-02
.9231548E-03 .3359701E-02 .7053035E-02 .9486736E-02 .1137228E-01 .1236312E-01 .1966104E-01 .4216722E-01
.6371626E-01 .7799127E-01 .9801767E-01 .1168896E+00 .1823569E+00 .2457582E+00 .2318936E+00 .9324292E-01
.4917791E-04 .4315898E-03 .1227490E-02 .2416127E-02 .3923207E-02 .4864111E-02 .7750317E-02 .2256036E-01
.1774412E-02 .6449440E-02 .1354408E-01 .1821482E-01 .2183812E-01 .2374110E-01 .3777180E-01 .8128341E-01
.8912248E-01 .1115853E+00 .1430244E+00 .1742941E+00 .2725122E+00 .3636198E+00 .3509902E+00 .1784834E+00
.1825084E-03 .1601870E-02 .4535840E-02 .8936887E-02 .1445971E-01 .1780867E-01 .2740383E-01 .7422908E-01
.3408692E-02 .1236313E-01 .2599648E-01 .3498167E-01 .4200576E-01 .4573034E-01 .7299696E-01 .1594364E+00
.1256853E+00 .1646354E+00 .2190389E+00 .2775534E+00 .4325010E+00 .5618788E+00 .5492263E+00 .3583296E+00
.6788666E-03 .5943754E-02 .1662995E-01 .3268076E-01 .5216713E-01 .6293740E-01 .8853963E-01 .2048346E+00
.6542408E-02 .2365819E-01 .4996879E-01 .6749100E-01 .8154807E-01 .8927895E-01 .1443351E+00 .3236342E+00
.1801160E+00 .2568907E+00 .3622000E+00 .4845157E+00 .7360680E+00 .8989797E+00 .8388040E+00 .7078827E+00
.2533711E-02 .2187495E-01 .5907406E-01 .1137304E+00 .1737107E+00 .1981360E+00 .2275906E+00 .4766635E+00
.1254325E-01 .4526918E-01 .9703683E-01 .1329766E+00 .1634283E+00 .1813114E+00 .2973031E+00 .5912470E+00
.2661226E+00 .4343948E+00 .6424832E+00 .8925207E+00 .1267718E+01 .1398705E+01 .1180725E+01 .1312402E+01
.9488154E-02 .7717089E-01 .1873842E+00 .3345633E+00 .4620227E+00 .4752959E+00 .4236940E+00 .9835048E+00
.2403921E-01 .8754659E-01 .1961536E+00 .2784986E+00 .3454368E+00 .3836780E+00 .5453398E+00 .7262973E+00
.4146339E+00 .7717069E+00 .1113985E+01 .1575250E+01 .1999447E+01 .1974824E+01 .1510390E+01 .2105368E+01
.3537438E-01 .2341415E+00 .4530939E+00 .7450540E+00 .9216235E+00 .8523503E+00 .6435785E+00 .1656086E+01
.4627488E-01 .1776737E+00 .4225418E+00 .5564623E+00 .5980828E+00 .6332156E+00 .7196493E+00 .8215041E+00
.6926731E+00 .1294919E+01 .1799479E+01 .2344739E+01 .2684435E+01 .2401433E+01 .1787974E+01 .2846566E+01
.1259871E+00 .5299937E+00 .8949336E+00 .1306011E+01 .1427225E+01 .1177082E+01 .8447186E+00 .2257712E+01
.9112488E-01 .3730545E+00 .6544801E+00 .6848456E+00 .7312799E+00 .7662874E+00 .8149835E+00 .8663751E+00
.1185999E+01 .1877731E+01 .2471356E+01 .2964442E+01 .3027411E+01 .2457712E+01 .2026704E+01 .3101349E+01
.3749666E+00 .8944915E+00 .1368012E+01 .1734847E+01 .1665020E+01 .1209416E+01 .1033390E+01 .2359089E+01
.1910616E+00 .5951578E+00 .7581971E+00 .7871631E+00 .8152120E+00 .8458704E+00 .8618212E+00 .8782943E+00
.1838052E+01 .2312102E+01 .2909172E+01 .3080446E+01 .2786542E+01 .2236651E+01 .2290076E+01 .2804610E+01
.7900162E+00 .1178151E+01 .1670602E+01 .1735494E+01 .1414754E+01 .1008415E+01 .1261111E+01 .1915006E+01
.3854411E+00 .7308078E+00 .8118185E+00 .8361403E+00 .8594381E+00 .8937773E+00 .8830153E+00 .8796111E+00
.2374707E+01 .2508816E+01 .2955144E+01 .2698992E+01 .2415764E+01 .2157802E+01 .2504011E+01 .2357589E+01
.1182526E+01 .1284683E+01 .1644147E+01 .1345284E+01 .1100430E+01 .9653046E+00 .1435514E+01 .1357436E+01
.5751760E+00 .7990213E+00 .8394613E+00 .8631772E+00 .8852954E+00 .9232714E+00 .9020654E+00 .8982781E+00
.2592646E+01 .2568291E+01 .2719736E+01 .2443338E+01 .2399988E+01 .2205354E+01 .2496211E+01 .2193786E+01
.1334405E+01 .1317009E+01 .1403343E+01 .1153834E+01 .1170357E+01 .1056355E+01 .1390570E+01 .1139365E+01
.7075018E+00 .8320258E+00 .8754058E+00 .9029815E+00 .9077373E+00 .9313215E+00 .9262473E+00 .9331964E+00
.2543825E+01 .2622827E+01 .2441579E+01 .2373329E+01 .2336871E+01 .2205063E+01 .2336617E+01 .2292534E+01
.1263952E+01 .1383742E+01 .1182550E+01 .1172759E+01 .1181786E+01 .1094839E+01 .1223587E+01 .1229814E+01
.7953792E+00 .8632659E+00 .9241397E+00 .9220013E+00 .9182987E+00 .9422040E+00 .9430719E+00 .9602966E+00
.2450930E+01 .2558058E+01 .2295176E+01 .2310137E+01 .2271700E+01 .2191156E+01 .2229989E+01 .2162094E+01
.1176919E+01 .1344616E+01 .1130443E+01 .1179282E+01 .1177640E+01 .1118370E+01 .1130792E+01 .1107093E+01
.8483986E+00 .9000180E+00 .9259584E+00 .9289256E+00 .9236413E+00 .9474293E+00 .9609996E+00 .9644767E+00
.2389428E+01 .2391556E+01 .2299537E+01 .2245081E+01 .2222563E+01 .2162515E+01 .2181418E+01 .2153080E+01
.1147717E+01 .1226865E+01 .1188396E+01 .1168961E+01 .1176517E+01 .1122805E+01 .1106533E+01 .1116089E+01
.8721449E+00 .9217005E+00 .9393191E+00 .9326695E+00 .9276955E+00 .9512821E+00 .9703535E+00 .9694816E+00
.8509873E-02 .1428681E-01 .1584619E-01 .1572706E-01 .2067951E-01 .2818348E-01 .3978244E-01 .7839159E-02
.2518418E-07 .2014525E-06 .4797160E-06 .9117733E-06 .1459788E-05 .2283790E-05 .4236068E-05 .9707683E-05
.3854285E-04 .1289634E-03 .2642408E-03 .3596243E-03 .4339232E-03 .4968363E-03 .7534752E-03 .1615557E-02
.1180480E-01 .1982516E-01 .2199395E-01 .2183552E-01 .2871715E-01 .3914893E-01 .5528453E-01 .1092479E-01
.9319051E-07 .7454813E-06 .1775071E-05 .3374044E-05 .5402326E-05 .8453678E-05 .1567576E-04 .3590482E-04
.7413633E-04 .2480429E-03 .5082288E-03 .6916643E-03 .8345240E-03 .9554351E-03 .1448954E-02 .3106410E-02
.1637847E-01 .2752427E-01 .3054890E-01 .3034821E-01 .3992795E-01 .5446181E-01 .7697001E-01 .1531393E-01
.3448670E-06 .2759012E-05 .6568531E-05 .1248717E-04 .1999598E-04 .3130325E-04 .5801098E-04 .1327394E-03
.1425952E-03 .4770350E-03 .9774212E-03 .1330129E-02 .1604728E-02 .1836944E-02 .2785813E-02 .5971212E-02
.2273223E-01 .3825090E-01 .4249225E-01 .4226817E-01 .5565230E-01 .7598786E-01 .1075461E+00 .2175190E-01
.1276439E-05 .1021332E-04 .2430821E-04 .4622329E-04 .7403273E-04 .1159843E-03 .2146591E-03 .4902257E-03
.2742547E-03 .9172863E-03 .1879478E-02 .2557453E-02 .3084995E-02 .3530473E-02 .5354445E-02 .1147242E-01
.3157267E-01 .5326090E-01 .5927403E-01 .5912071E-01 .7795531E-01 .1066442E+00 .1513012E+00 .3182310E-01
.4725828E-05 .3782270E-04 .8996584E-04 .1711542E-03 .2742116E-03 .4301646E-03 .7937686E-03 .1805593E-02
.5274203E-03 .1763332E-02 .3613070E-02 .4915620E-02 .5928320E-02 .6781515E-02 .1028770E-01 .2202881E-01
.4391071E-01 .7444583E-01 .8315878E-01 .8341257E-01 .1102983E+00 .1514130E+00 .2155881E+00 .4953666E-01
.1750642E-04 .1401624E-03 .3329754E-03 .6339707E-03 .1016132E-02 .1597467E-02 .2927110E-02 .6598602E-02
.1014088E-02 .3387988E-02 .6942694E-02 .9443512E-02 .1138601E-01 .1301740E-01 .1976560E-01 .4229933E-01
.6123408E-01 .1048526E+00 .1180165E+00 .1197801E+00 .1592311E+00 .2198734E+00 .3140581E+00 .8603980E-01
.6491755E-04 .5199505E-03 .1231864E-02 .2348295E-02 .3764895E-02 .5936342E-02 .1068865E-01 .2352144E-01
.1949153E-02 .6504013E-02 .1333305E-01 .1813244E-01 .2186000E-01 .2498305E-01 .3804859E-01 .8153182E-01
.8584667E-01 .1499178E+00 .1713212E+00 .1781114E+00 .2389390E+00 .3327271E+00 .4722205E+00 .1697260E+00
.2411733E-03 .1931141E-02 .4546856E-02 .8678886E-02 .1389852E-01 .2195727E-01 .3776599E-01 .7744094E-01
.3744272E-02 .1247059E-01 .2559717E-01 .3482532E-01 .4202347E-01 .4808946E-01 .7392583E-01 .1599851E+00
.1216306E+00 .2206439E+00 .2593504E+00 .2820717E+00 .3830206E+00 .5364587E+00 .7258600E+00 .3496507E+00
.8988328E-03 .7170398E-02 .1662475E-01 .3168988E-01 .5036646E-01 .7887904E-01 .1203199E+00 .2133651E+00
.7186463E-02 .2388387E-01 .4923409E-01 .6719199E-01 .8146187E-01 .9395911E-01 .1480278E+00 .3249255E+00
.1759670E+00 .3417207E+00 .4188673E+00 .4878316E+00 .6655194E+00 .9137976E+00 .1071306E+01 .7056862E+00
.3366610E-02 .2637585E-01 .5866782E-01 .1100229E+00 .1696451E+00 .2520141E+00 .2945904E+00 .4993928E+00
.1377989E-01 .4582385E-01 .9577508E-01 .1323566E+00 .1627996E+00 .1926970E+00 .3112193E+00 .5889452E+00
.2649611E+00 .5671754E+00 .7146684E+00 .8882819E+00 .1184596E+01 .1512472E+01 .1429400E+01 .1314863E+01
.1268312E-01 .9251791E-01 .1835065E+00 .3228831E+00 .4610081E+00 .6030042E+00 .5045817E+00 .1020332E+01
.2642822E-01 .8930237E-01 .1941933E+00 .2768020E+00 .3446304E+00 .4144768E+00 .5708582E+00 .7252773E+00
.4274709E+00 .9735564E+00 .1183440E+01 .1551141E+01 .1951910E+01 .2195625E+01 .1718643E+01 .2109665E+01
.4766662E-01 .2756384E+00 .4338955E+00 .7165247E+00 .9490601E+00 .1073930E+01 .7043080E+00 .1703973E+01
.5102132E-01 .1841446E+00 .4177080E+00 .5539085E+00 .6031961E+00 .6429506E+00 .7330677E+00 .8193231E+00
.7514396E+00 .1554953E+01 .1807794E+01 .2301774E+01 .2701740E+01 .2671356E+01 .1902114E+01 .2830798E+01
.1699249E+00 .5980618E+00 .8183366E+00 .1256925E+01 .1507828E+01 .1429347E+01 .8394688E+00 .2294109E+01
.1014632E+00 .3888339E+00 .6573146E+00 .6886107E+00 .7292002E+00 .7640757E+00 .8281182E+00 .8627890E+00
.1342433E+01 .2109186E+01 .2397786E+01 .2913395E+01 .3124536E+01 .2665638E+01 .2020440E+01 .3054493E+01
.4906662E+00 .9441321E+00 .1221498E+01 .1678605E+01 .1801598E+01 .1397717E+01 .9359088E+00 .2370804E+01
.2153544E+00 .6110654E+00 .7706959E+00 .7915875E+00 .8103003E+00 .8282084E+00 .8836159E+00 .8704153E+00
.2073205E+01 .2437040E+01 .2756763E+01 .3045427E+01 .2890056E+01 .2324127E+01 .2161065E+01 .2807283E+01
.9816632E+00 .1154074E+01 .1459178E+01 .1696741E+01 .1540367E+01 .1093612E+01 .1063734E+01 .1978782E+01
.4065817E+00 .7475860E+00 .8340711E+00 .8405857E+00 .8474262E+00 .8666330E+00 .9129894E+00 .8711657E+00
.2613750E+01 .2486169E+01 .2792419E+01 .2703375E+01 .2429667E+01 .2185243E+01 .2309830E+01 .2439465E+01
.1391355E+01 .1151958E+01 .1439203E+01 .1347485E+01 .1126960E+01 .1002398E+01 .1202234E+01 .1493521E+01
.5763030E+00 .8307725E+00 .8647840E+00 .8641638E+00 .8729423E+00 .9141079E+00 .9176655E+00 .8974987E+00
.2761736E+01 .2432462E+01 .2657942E+01 .2469192E+01 .2383115E+01 .2198133E+01 .2386894E+01 .2203413E+01
.1498061E+01 .1097864E+01 .1327193E+01 .1180190E+01 .1155453E+01 .1049731E+01 .1269609E+01 .1189480E+01
.6860413E+00 .8827479E+00 .8820449E+00 .8985366E+00 .9141173E+00 .9420856E+00 .9224553E+00 .9312371E+00
.2637049E+01 .2454349E+01 .2521919E+01 .2383591E+01 .2326025E+01 .2187096E+01 .2360964E+01 .2236834E+01
.1379118E+01 .1158881E+01 .1267105E+01 .1181551E+01 .1170491E+01 .1077886E+01 .1241131E+01 .1200244E+01
.7625892E+00 .9043486E+00 .9089637E+00 .9240134E+00 .9179711E+00 .9406297E+00 .9465771E+00 .9568133E+00
.2466652E+01 .2481235E+01 .2346935E+01 .2298988E+01 .2275981E+01 .2182288E+01 .2256092E+01 .2199376E+01
.1230808E+01 .1245843E+01 .1170758E+01 .1168258E+01 .1182378E+01 .1110724E+01 .1160632E+01 .1156569E+01
.8281219E+00 .9090092E+00 .9413027E+00 .9288328E+00 .9231504E+00 .9461353E+00 .9583526E+00 .9642999E+00
.2350185E+01 .2417618E+01 .2248082E+01 .2249343E+01 .2221771E+01 .2163253E+01 .2180169E+01 .2141249E+01
.1130096E+01 .1239550E+01 .1141861E+01 .1173149E+01 .1175672E+01 .1123888E+01 .1111111E+01 .1108449E+01
.8757858E+00 .9287969E+00 .9327252E+00 .9326862E+00 .9276911E+00 .9509015E+00 .9670566E+00 .9685883E+00
.7971089E-02 .1875427E-01 .1941832E-01 .1626742E-01 .1679395E-01 .2312314E-01 .5289867E-01 .6520789E-02
.3428739E-07 .2542777E-06 .4897258E-06 .8804136E-06 .1395562E-05 .2948832E-05 .6217174E-05 .1019689E-04
.4461263E-04 .1356062E-03 .2588067E-03 .3550970E-03 .4340138E-03 .5519338E-03 .7875030E-03 .1623440E-02
.1105798E-01 .2602491E-01 .2695077E-01 .2258492E-01 .2332198E-01 .3213322E-01 .7351804E-01 .9092582E-02
.1268779E-06 .9409801E-06 .1812096E-05 .3257958E-05 .5164689E-05 .1091722E-04 .2300983E-04 .3771842E-04
.8581133E-04 .2608197E-03 .4977773E-03 .6829566E-03 .8347009E-03 .1061375E-02 .1514438E-02 .3121541E-02
.1534385E-01 .3613284E-01 .3743029E-01 .3138740E-01 .3242886E-01 .4474068E-01 .1023703E+00 .1276429E-01
.4695483E-06 .3482666E-05 .6705427E-05 .1205726E-04 .1911680E-04 .4043860E-04 .8516985E-04 .1394742E-03
.1650509E-03 .5016086E-03 .9573223E-03 .1313383E-02 .1605073E-02 .2040568E-02 .2911950E-02 .6000187E-02
.2130048E-01 .5021708E-01 .5205357E-01 .4370863E-01 .4520835E-01 .6253809E-01 .1430675E+00 .1819862E-01
.1738026E-05 .1289291E-04 .2481391E-04 .4462996E-04 .7078133E-04 .1499265E-03 .3152537E-03 .5153079E-03
.3174428E-03 .9645478E-03 .1840842E-02 .2525251E-02 .3085656E-02 .3921585E-02 .5598036E-02 .1152765E-01
.2959574E-01 .6992867E-01 .7257940E-01 .6111492E-01 .6335699E-01 .8810974E-01 .2013247E+00 .2687115E-01
.6435563E-05 .4775084E-04 .9182962E-04 .1652403E-03 .2622015E-03 .5567260E-03 .1166151E-02 .1899376E-02
.6104723E-03 .1854238E-02 .3538876E-02 .4853716E-02 .5929475E-02 .7531844E-02 .1076140E-01 .2213316E-01
.4119343E-01 .9775433E-01 .1017240E+00 .8616346E-01 .8975854E-01 .1261495E+00 .2868716E+00 .4269070E-01
.2384547E-04 .1769825E-03 .3398058E-03 .6119630E-03 .9719324E-03 .2072300E-02 .4300052E-02 .6949502E-02
.1173765E-02 .3562950E-02 .6800585E-02 .9324565E-02 .1138727E-01 .1445417E-01 .2070367E-01 .4249438E-01
.5753523E-01 .1376914E+00 .1440337E+00 .1235350E+00 .1300063E+00 .1864994E+00 .4173841E+00 .7690575E-01
.8846264E-04 .6566808E-03 .1256531E-02 .2266049E-02 .3604032E-02 .7734494E-02 .1566765E-01 .2479864E-01
.2256045E-02 .6841509E-02 .1306266E-01 .1790397E-01 .2185636E-01 .2772926E-01 .3998992E-01 .8190095E-01
.8091923E-01 .1968208E+00 .2079941E+00 .1830779E+00 .1966633E+00 .2927254E+00 .6241106E+00 .1585965E+00
.3289128E-03 .2439317E-02 .4632458E-02 .8369892E-02 .1333260E-01 .2882034E-01 .5480650E-01 .8147415E-01
.4333816E-02 .1312624E-01 .2509121E-01 .3438583E-01 .4198301E-01 .5335936E-01 .7832626E-01 .1607903E+00
.1154005E+00 .2892275E+00 .3112080E+00 .2880153E+00 .3209667E+00 .5035234E+00 .9437939E+00 .3385021E+00
.1227661E-02 .9052755E-02 .1688877E-01 .3053021E-01 .4857875E-01 .1044201E+00 .1690448E+00 .2238843E+00
.8318484E-02 .2518375E-01 .4832592E-01 .6633674E-01 .8122133E-01 .1044499E+00 .1593363E+00 .3261272E+00
.1691862E+00 .4454524E+00 .4908563E+00 .4926479E+00 .5766859E+00 .9324316E+00 .1349752E+01 .7022499E+00
.4610238E-02 .3319571E-01 .5919226E-01 .1058602E+00 .1657390E+00 .3319947E+00 .3863086E+00 .5279388E+00
.1595504E-01 .4853901E-01 .9429761E-01 .1305986E+00 .1617595E+00 .2166162E+00 .3388652E+00 .5826557E+00
.2614756E+00 .7280656E+00 .8057353E+00 .8852310E+00 .1074430E+01 .1656049E+01 .1714655E+01 .1315857E+01
.1743705E-01 .1151421E+00 .1826589E+00 .3105615E+00 .4601904E+00 .7821359E+00 .6156520E+00 .1064928E+01
.3063267E-01 .9560224E-01 .1920771E+00 .2726218E+00 .3437796E+00 .4589071E+00 .5964819E+00 .7242768E+00
.4415647E+00 .1213078E+01 .1275804E+01 .1526343E+01 .1879577E+01 .2454942E+01 .1971990E+01 .2109590E+01
.6573645E-01 .3339513E+00 .4235218E+00 .6869197E+00 .9842364E+00 .1366872E+01 .8075403E+00 .1760921E+01
.5935470E-01 .1998598E+00 .4117496E+00 .5482409E+00 .6107411E+00 .6487030E+00 .7416440E+00 .8151367E+00
.8241233E+00 .1852575E+01 .1848349E+01 .2256297E+01 .2698046E+01 .2979472E+01 .2081343E+01 .2804776E+01
.2317967E+00 .6935738E+00 .7666333E+00 .1206235E+01 .1601000E+01 .1737491E+01 .9059156E+00 .2337491E+01
.1191868E+00 .4126778E+00 .6553458E+00 .6910865E+00 .7262796E+00 .7609370E+00 .8277771E+00 .8571671E+00
.1531596E+01 .2375789E+01 .2365240E+01 .2855608E+01 .3215588E+01 .2905060E+01 .2118822E+01 .2997879E+01
.6400594E+00 .1039902E+01 .1119386E+01 .1618389E+01 .1953618E+01 .1612602E+01 .9605219E+00 .2393927E+01
.2502146E+00 .6209713E+00 .7752505E+00 .7958208E+00 .8061638E+00 .8116082E+00 .8812639E+00 .8602685E+00
.2330426E+01 .2620047E+01 .2649402E+01 .2996284E+01 .2997145E+01 .2467806E+01 .2167105E+01 .2793091E+01
.1211492E+01 .1212517E+01 .1309285E+01 .1646595E+01 .1674593E+01 .1211676E+01 .1027961E+01 .2049195E+01
.4283669E+00 .7492792E+00 .8483926E+00 .8471705E+00 .8363105E+00 .8356507E+00 .9190308E+00 .8631328E+00
.2863516E+01 .2572745E+01 .2640363E+01 .2679468E+01 .2478959E+01 .2298156E+01 .2203139E+01 .2494219E+01
.1620676E+01 .1171831E+01 .1269049E+01 .1319248E+01 .1182827E+01 .1120769E+01 .1074843E+01 .1628999E+01
.5765708E+00 .8283879E+00 .8916497E+00 .8725453E+00 .8499099E+00 .8750945E+00 .9423535E+00 .8917785E+00
.2950097E+01 .2438148E+01 .2511269E+01 .2467130E+01 .2417363E+01 .2262301E+01 .2207898E+01 .2253135E+01
.1679299E+01 .1084757E+01 .1167671E+01 .1170022E+01 .1205791E+01 .1147519E+01 .1084606E+01 .1302495E+01
.6642825E+00 .8875475E+00 .9184044E+00 .9023653E+00 .8955975E+00 .9095743E+00 .9498442E+00 .9182662E+00
.2781498E+01 .2364036E+01 .2446186E+01 .2399884E+01 .2321927E+01 .2194398E+01 .2219931E+01 .2236374E+01
.1539059E+01 .1065562E+01 .1170211E+01 .1194626E+01 .1181849E+01 .1109176E+01 .1108954E+01 .1237606E+01
.7220457E+00 .9299104E+00 .9284510E+00 .9190378E+00 .9141711E+00 .9368531E+00 .9425355E+00 .9480281E+00
.2561008E+01 .2326688E+01 .2386065E+01 .2312299E+01 .2265144E+01 .2163078E+01 .2244781E+01 .2172548E+01
.1375798E+01 .1077337E+01 .1202327E+01 .1185114E+01 .1169497E+01 .1094626E+01 .1159980E+01 .1152822E+01
.7734906E+00 .9475600E+00 .9216621E+00 .9247554E+00 .9292408E+00 .9547256E+00 .9404642E+00 .9621226E+00
.2401856E+01 .2312985E+01 .2303918E+01 .2245690E+01 .2220878E+01 .2148311E+01 .2213107E+01 .2152306E+01
.1251983E+01 .1122377E+01 .1206285E+01 .1171115E+01 .1171545E+01 .1109139E+01 .1155268E+01 .1127050E+01
.8260419E+00 .9401135E+00 .9236631E+00 .9339052E+00 .9287277E+00 .9501342E+00 .9578214E+00 .9660130E+00
.7294300E-02 .2342336E-01 .2346611E-01 .1687686E-01 .1253298E-01 .1753947E-01 .6707445E-01 .5054068E-02
.4581014E-07 .3241007E-06 .5108153E-06 .8474567E-06 .1344814E-05 .3879479E-05 .9076541E-05 .1080013E-04
.5247907E-04 .1477723E-03 .2549986E-03 .3473428E-03 .4360034E-03 .6329084E-03 .8518952E-03 .1628608E-02
.1011975E-01 .3250471E-01 .3256724E-01 .2343012E-01 .1740612E-01 .2438983E-01 .9322741E-01 .7054643E-02
.1695187E-06 .1199370E-05 .1890115E-05 .3135992E-05 .4976913E-05 .1436405E-04 .3359147E-04 .3995186E-04
.1009422E-03 .2842197E-03 .4904552E-03 .6680426E-03 .8385297E-03 .1217078E-02 .1638333E-02 .3131425E-02
.1404375E-01 .4513088E-01 .4522643E-01 .3255938E-01 .2420752E-01 .3400584E-01 .1298339E+00 .9929646E-02
.6273657E-06 .4439005E-05 .6993984E-05 .1160581E-04 .1842207E-04 .5321595E-04 .1243264E-03 .1477475E-03
.1941534E-03 .5466134E-03 .9432510E-03 .1284700E-02 .1612439E-02 .2339867E-02 .3150475E-02 .6018976E-02
.1950051E-01 .6272626E-01 .6288309E-01 .4533303E-01 .3376246E-01 .4767242E-01 .1814924E+00 .1425195E-01
.2322274E-05 .1643331E-04 .2588059E-04 .4295834E-04 .6821190E-04 .1973699E-03 .4600679E-03 .5459721E-03
.3734148E-03 .1051099E-02 .1813832E-02 .2470098E-02 .3099799E-02 .4496571E-02 .6058039E-02 .1156293E-01
.2710813E-01 .8735707E-01 .8764196E-01 .6336352E-01 .4736849E-01 .6759225E-01 .2554779E+00 .2138213E-01
.8599548E-05 .6086242E-04 .9576752E-04 .1590471E-03 .2527112E-03 .7334091E-03 .1700493E-02 .2012971E-02
.7181087E-03 .2020686E-02 .3487172E-02 .4747699E-02 .5956435E-02 .8635299E-02 .1165270E-01 .2219787E-01
.3776823E-01 .1221374E+00 .1227201E+00 .8926487E-01 .6728949E-01 .9811298E-01 .3641115E+00 .3513290E-01
.3186803E-04 .2255647E-03 .3542951E-03 .5889971E-03 .9370242E-03 .2733553E-02 .6256132E-02 .7366897E-02
.1380711E-02 .3883134E-02 .6702258E-02 .9120877E-02 .1143751E-01 .1656844E-01 .2245202E-01 .4260891E-01
.5285652E-01 .1720711E+00 .1733984E+00 .1277685E+00 .9810427E-01 .1493323E+00 .5293622E+00 .6688068E-01
.1182556E-03 .8367539E-03 .1309386E-02 .2180797E-02 .3477229E-02 .1022602E-01 .2264754E-01 .2626479E-01
.2653795E-02 .7458209E-02 .1287862E-01 .1751286E-01 .2194361E-01 .3177484E-01 .4352298E-01 .8210380E-01
.7464203E-01 .2459837E+00 .2492200E+00 .1886862E+00 .1506747E+00 .2480336E+00 .7880265E+00 .1463417E+00
.4398958E-03 .3105984E-02 .4820917E-02 .8053679E-02 .1288919E-01 .3822164E-01 .7782220E-01 .8583016E-01
.5097934E-02 .1431925E-01 .2476010E-01 .3363445E-01 .4210137E-01 .6113314E-01 .8591090E-01 .1612330E+00
.1073385E+00 .3612050E+00 .3690511E+00 .2947988E+00 .2537440E+00 .4667680E+00 .1175177E+01 .3262388E+00
.1643288E-02 .1150164E-01 .1752017E-01 .2937176E-01 .4720247E-01 .1383634E+00 .2298338E+00 .2352418E+00
.9785894E-02 .2752178E-01 .4778787E-01 .6488223E-01 .8121436E-01 .1198904E+00 .1767510E+00 .3256077E+00
.1600318E+00 .5542194E+00 .5701165E+00 .4986307E+00 .4801696E+00 .9528071E+00 .1635809E+01 .6976788E+00
.6179365E-02 .4190710E-01 .6096948E-01 .1018816E+00 .1628961E+00 .4313495E+00 .4896730E+00 .5586028E+00
.1877536E-01 .5327585E-01 .9364235E-01 .1276751E+00 .1608842E+00 .2501423E+00 .3712255E+00 .5711810E+00
.2553728E+00 .8953045E+00 .9051054E+00 .8843558E+00 .9485484E+00 .1807674E+01 .1998553E+01 .1315401E+01
.2340681E-01 .1429449E+00 .1857710E+00 .2995719E+00 .4605029E+00 .1004791E+01 .7388855E+00 .1112265E+01
.3608642E-01 .1058156E+00 .1916876E+00 .2661751E+00 .3424943E+00 .4997639E+00 .6131537E+00 .7214776E+00
.4545135E+00 .1456611E+01 .1379685E+01 .1505463E+01 .1789509E+01 .2715745E+01 .2227760E+01 .2105553E+01
.8808735E-01 .4011894E+00 .4242922E+00 .6612475E+00 .1032659E+01 .1705031E+01 .9289170E+00 .1820341E+01
.7015315E-01 .2216071E+00 .4077710E+00 .5399001E+00 .6148511E+00 .6471301E+00 .7420805E+00 .8081218E+00
.9015519E+00 .2142037E+01 .1917804E+01 .2216992E+01 .2667369E+01 .3275636E+01 .2290377E+01 .2767739E+01
.3048475E+00 .8000369E+00 .7476344E+00 .1163482E+01 .1705304E+01 .2084672E+01 .1013736E+01 .2379774E+01
.1416109E+00 .4367145E+00 .6492630E+00 .6906703E+00 .7197649E+00 .7480424E+00 .8168200E+00 .8487595E+00
.1724603E+01 .2631423E+01 .2385002E+01 .2803959E+01 .3287427E+01 .3117763E+01 .2296604E+01 .2927965E+01
.8050846E+00 .1151690E+01 .1078441E+01 .1569045E+01 .2121817E+01 .1833354E+01 .1070052E+01 .2416602E+01
.2856431E+00 .6269116E+00 .7699914E+00 .7968692E+00 .7987973E+00 .7879457E+00 .8604546E+00 .8457299E+00
.2573070E+01 .2813659E+01 .2622800E+01 .2951261E+01 .3064605E+01 .2610010E+01 .2311369E+01 .2761134E+01
.1452587E+01 .1306162E+01 .1258086E+01 .1609021E+01 .1787589E+01 .1311557E+01 .1142005E+01 .2115972E+01
.4450488E+00 .7429109E+00 .8424675E+00 .8497689E+00 .8267396E+00 .8133965E+00 .8874037E+00 .8450276E+00
.3083505E+01 .2715607E+01 .2590448E+01 .2648161E+01 .2492961E+01 .2451896E+01 .2308270E+01 .2510073E+01
.1843831E+01 .1267316E+01 .1235446E+01 .1296910E+01 .1180692E+01 .1210401E+01 .1189573E+01 .1737996E+01
.5713323E+00 .8064370E+00 .8830909E+00 .8770755E+00 .8455133E+00 .8690937E+00 .9035996E+00 .8749772E+00
.3113905E+01 .2563544E+01 .2450503E+01 .2437975E+01 .2458680E+01 .2401295E+01 .2265878E+01 .2271998E+01
.1845244E+01 .1213934E+01 .1152702E+01 .1145005E+01 .1205212E+01 .1234975E+01 .1189005E+01 .1394673E+01
.6474392E+00 .8469398E+00 .9089151E+00 .9092830E+00 .9083683E+00 .8974809E+00 .9143247E+00 .9024289E+00
.2919116E+01 .2464667E+01 .2364189E+01 .2377666E+01 .2352307E+01 .2310808E+01 .2208856E+01 .2246479E+01
.1680930E+01 .1213753E+01 .1138202E+01 .1166677E+01 .1181048E+01 .1210160E+01 .1165733E+01 .1291251E+01
.6974813E+00 .8735577E+00 .9278643E+00 .9295407E+00 .9196353E+00 .9040797E+00 .9226260E+00 .9337647E+00
.2672030E+01 .2381851E+01 .2299886E+01 .2300948E+01 .2290789E+01 .2248932E+01 .2176572E+01 .2195332E+01
.1495814E+01 .1213105E+01 .1138779E+01 .1159940E+01 .1185939E+01 .1205810E+01 .1159821E+01 .1196155E+01
.7418891E+00 .8898442E+00 .9395014E+00 .9359290E+00 .9234974E+00 .9076101E+00 .9315812E+00 .9532134E+00
.2511759E+01 .2311796E+01 .2245787E+01 .2243986E+01 .2233638E+01 .2199624E+01 .2141131E+01 .2157249E+01
.1384221E+01 .1207302E+01 .1135839E+01 .1157219E+01 .1184845E+01 .1204931E+01 .1143595E+01 .1144011E+01
.7839269E+00 .9021426E+00 .9480642E+00 .9402827E+00 .9239108E+00 .9081061E+00 .9404587E+00 .9631262E+00
